0.835136 0.564672 0.011
0.828147 0.690726 0.011
0.371404 0.313763 0.011
0.30241 0.97398 0.011
0.491683 0.495026 0.011
0.0116796 0.257412 0.011
0.935769 0.625004 0.011
0.803863 0.231641 0.0109
0.60821 0.104908 0.0109
0.734034 0.67913 0.0109
0.534998 0.835497 0.0109
0.215881 0.726135 0.0109
0.0886209 0.0356593 0.0109
0.0820015 0.71468 0.0109
0.166921 0.901011 0.0109
0.48195 0.357336 0.0109
0.144383 0.360913 0.0109
0.531769 0.0440626 0.0109
0.818679 0.857946 0.0108
0.726615 0.270383 0.0108
0.692953 0.441917 0.0108
0.637448 0.730098 0.0108
0.996019 0.0952009 0.0108
0.426794 0.543315 0.0108
0.223923 0.356871 0.0108
0.85926 0.478669 0.0108
0.118808 0.233496 0.0108
0.27701 0.344623 0.0108
0.121961 0.761655 0.0108
0.979711 0.565834 0.0108
0.51046 0.904388 0.0108
0.355437 0.721757 0.0108
0.741687 0.225332 0.0108
0.412202 0.682334 0.0108
0.0697925 0.830757 0.0108
0.560697 0.365805 0.0108
0.571111 0.806472 0.0108
0.429505 0.114617 0.0107
0.772528 0.479584 0.0107
0.0859384 0.296162 0.0107
0.712293 0.736002 0.0107
0.362309 0.586998 0.0107
0.345264 0.65035 0.0107
0.753337 0.760185 0.0107
0.477255 0.545006 0.0107
0.17541 0.306506 0.0107
0.137455 0.985037 0.0107
0.805455 0.577138 0.0107
0.418125 0.457089 0.0107
0.935508 0.939008 0.0107
0.474215 0.105466 0.0107
0.854865 0.755452 0.0107
0.796374 0.608099 0.0107
0.492153 0.641335 0.0107
0.0556338 0.25098 0.0106
0.000416168 0.361587 0.0106
0.156818 0.572438 0.0106
0.295474 0.0323448 0.0106
0.996282 0.60547 0.0106
0.291929 0.706103 0.0106
0.386491 0.257983 0.0106
0.661418 0.300986 0.0106
0.613542 0.0496037 0.0106
0.42556 0.850211 0.0106
0.123767 0.844539 0.0106
0.866951 0.695934 0.0106
0.0967999 0.787033 0.0106
0.802863 0.333607 0.0106
0.81975 0.911581 0.0106
0.471733 0.0114614 0.0106
0.84172 0.207073 0.0106
0.0784172 0.183225 0.0106
0.0316501 0.473191 0.0105
0.833409 0.521191 0.0105
0.0537407 0.20715 0.0105
0.702749 0.535734 0.0105
0.170936 0.697441 0.0105
0.627024 0.0169148 0.0105
0.135809 0.0390641 0.0105
0.68386 0.0883543 0.0105
0.135765 0.428432 0.0105
0.439974 0.963943 0.0105
0.514564 0.810275 0.0105
0.422742 0.993253 0.0105
0.632056 0.322484 0.0105
0.428835 0.736521 0.0105
0.705289 0.328603 0.0105
0.102991 0.205074 0.0105
0.416441 0.294883 0.0104
0.879611 0.268299 0.0104
0.218274 0.03881 0.0104
0.139894 0.49928 0.0104
0.855642 0.93213 0.0104
0.0885784 0.627094 0.0104
0.530455 0.484184 0.0104
0.0690539 0.0925488 0.0104
0.821981 0.260145 0.0104
0.675438 0.137315 0.0104
0.126271 0.813464 0.0104
0.0821156 0.147321 0.0104
0.322364 0.0692113 0.0104
0.0957798 0.457244 0.0104
0.855997 0.638925 0.0104
0.0299539 0.314977 0.0104
0.438468 0.079972 0.0104
0.208173 0.662189 0.0104
0.895069 0.643511 0.0104
0.6298 0.445727 0.0103
0.0478018 0.419497 0.0103
0.443459 0.682018 0.0103
0.571478 0.95415 0.0103
0.00116143 0.104791 0.0103
0.464225 0.331867 0.0103
0.314758 0.249463 0.0103
0.23418 0.307542 0.0103
0.303937 0.642542 0.0103
0.732018 0.390732 0.0103
0.446358 0.433497 0.0103
0.383909 0.366252 0.0103
0.129255 0.669432 0.0103
0.306528 0.280591 0.0103
0.75896 0.14265 0.0103
0.796736 0.821054 0.0103
0.0292318 0.0175264 0.0103
0.0812255 0.421796 0.0103
0.0719176 0.339034 0.0103
0.257126 0.0201871 0.0103
0.260756 0.63902 0.0103
0.60309 0.366237 0.0103
0.000504601 0.63869 0.0102
0.016306 0.135622 0.0102
0.119838 0.71707 0.0102
0.112593 0.0631697 0.0102
0.0520351 0.793207 0.0102
0.901486 0.56604 0.0102
0.52428 0.739267 0.0102
0.0101817 0.593712 0.0102
0.558264 0.454036 0.0102
0.858292 0.447434 0.0102
0.551973 0.405271 0.0102
0.834761 0.288259 0.0102
0.753066 0.995184 0.0102
0.495209 0.679948 0.0102
0.953028 0.178594 0.0102
0.90564 0.249634 0.0102
0.856084 0.867466 0.0102
0.0865608 0.546522 0.0102
0.0460448 0.636846 0.0102
0.953816 0.990285 0.0102
0.12945 0.595177 0.0102
0.647881 0.355859 0.0102
0.777772 0.191967 0.0102
0.998959 0.506781 0.0101
0.127532 0.471858 0.0101
0.898664 0.192185 0.0101
0.411256 0.893829 0.0101
0.183249 0.0182199 0.0101
0.3899 0.952536 0.0101
0.703666 0.0405898 0.0101
0.0911158 0.488852 0.0101
0.393576 0.172508 0.0101
0.223403 0.985563 0.0101
0.484093 0.82449 0.0101
0.808083 0.478123 0.0101
0.803745 0.406525 0.0101
0.808744 0.99048 0.0101
0.867545 0.236705 0.0101
0.966823 0.49554 0.0101
0.0722936 0.868124 0.0101
0.511671 0.368138 0.0101
0.333267 0.678989 0.0101
0.368021 0.140118 0.0101
0.306019 0.311416 0.0101
0.747677 0.542404 0.01
0.0402473 0.85549 0.01
0.340354 0.963651 0.01
0.398892 0.568294 0.01
0.124362 0.00932286 0.01
0.710387 0.225442 0.01
0.385898 0.0614948 0.01
0.582368 0.751401 0.01
0.0535101 0.729856 0.01
0.818149 0.768707 0.01
0.0489549 0.121052 0.01
0.00154411 0.41755 0.01
0.77644 0.707037 0.01
0.395164 0.723183 0.01
0.469134 0.856442 0.01
0.108289 0.336104 0.01
0.598997 0.406796 0.01
0.341443 0.324457 0.01
0.840228 0.719012 0.01
0.401822 0.424129 0.01
0.676785 0.397109 0.01
0.0698119 0.656424 0.0099
0.413547 0.350131 0.0099
0.522635 0.534117 0.0099
0.259485 0.698017 0.0099
0.0163813 0.0611717 0.0099
0.438328 0.376919 0.0099
0.397691 0.1292 0.0099
0.272852 0.992555 0.0099
0.497396 0.449166 0.0099
0.446227 0.498045 0.0099
0.518465 0.947026 0.0099
0.815587 0.187501 0.0099
0.00352896 0.175765 0.0099
0.795205 0.529999 0.0099
0.778742 0.255746 0.0098
0.490332 0.935693 0.0098
0.176037 0.995311 0.0098
0.737132 0.317312 0.0098
0.0561495 0.372824 0.0098
0.0347985 0.550602 0.0098
0.846386 0.809419 0.0098
0.463308 0.709971 0.0098
0.0463141 0.523921 0.0098
0.891889 0.989711 0.0098
0.779209 0.296468 0.0098
0.667484 0.0496872 0.0098
0.504432 0.982252 0.0098
0.0665464 0.465328 0.0098
0.752615 0.601101 0.0098
0.171438 0.339287 0.0098
0.931626 0.574117 0.0098
0.0929439 0.579563 0.0098
0.139148 0.874952 0.0098
0.828332 0.379562 0.0098
0.165558 0.749173 0.0098
0.933773 0.517588 0.0098
0.446922 0.909867 0.0098
0.933772 0.217719 0.0098
0.558667 0.0289292 0.0098
0.707577 0.178529 0.0097
0.673035 0.467976 0.0097
0.448709 0.801478 0.0097
0.399531 0.625596 0.0097
0.788801 0.782258 0.0097
0.916213 0.96217 0.0097
0.684866 0.71315 0.0097
0.724709 0.0933458 0.0097
0.364319 0.690943 0.0097
0.874413 0.604747 0.0097
0.205433 0.632464 0.0097
0.553815 0.907533 0.0097
0.666442 0.425723 0.0097
0.65052 0.0921048 0.0097
0.742981 0.714494 0.0097
0.013819 0.735484 0.0097
0.50576 0.780668 0.0097
0.431473 0.635088 0.0097
0.626163 0.480023 0.0097
0.409419 0.216491 0.0097
0.992943 0.243728 0.0097
0.162543 0.267487 0.0097
0.00183882 0.705465 0.0096
0.031271 0.673921 0.0096
0.33075 0.030316 0.0096
0.999918 0.203817 0.0096
0.0185514 0.766851 0.0096
0.542166 0.987233 0.0096
0.3453 0.0927363 0.0096
0.731305 0.512299 0.0096
0.471114 0.584221 0.0096
0.371455 0.216366 0.0096
0.782888 0.744782 0.0096
0.115806 0.538396 0.0096
0.384047 0.0255906 0.0096
0.505181 0.398387 0.0096
0.041531 0.0799541 0.0096
0.762306 0.363888 0.0096
0.335783 0.603865 0.0096
0.354072 0.350543 0.0096
0.987331 0.977122 0.0096
0.420735 0.00604919 0.0096
0.118831 0.303669 0.0096
0.86209 0.980206 0.0095
0.575884 0.0798812 0.0095
0.555602 0.777915 0.0095
0.526055 0.698702 0.0095
0.744151 0.174831 0.0095
0.875549 0.827286 0.0095
0.715793 0.358413 0.0095
0.73958 0.451184 0.0095
0.00192686 0.518174 0.0095
0.102684 0.382717 0.0095
0.410433 0.510422 0.0095
0.69164 0.271373 0.0095
0.10434 0.264606 0.0095
0.132814 0.397575 0.0095
0.626585 0.399393 0.0095
0.483843 0.746411 0.0095
0.266826 0.297037 0.0095
0.742963 0.638545 0.0095
0.494093 0.607435 0.0095
0.176249 0.380563 0.0095
0.447376 0.0310169 0.0095
0.469424 0.474257 0.0095
0.35496 0.014504 0.0095
0.572113 0.999871 0.0095
0.419345 0.786206 0.0095
0.609488 0.766693 0.0095
0.695536 0.491174 0.0094
0.680562 0.741561 0.0094
0.839717 0.998473 0.0094
0.215289 0.278007 0.0094
0.557443 0.495663 0.0094
0.199747 0.601935 0.0094
0.565865 0.840578 0.0094
0.362153 0.174409 0.0094
0.0077725 0.859121 0.0094
0.51249 0.0727049 0.0094
0.34604 0.264838 0.0094
0.481002 0.883289 0.0094
0.0541937 0.0450343 0.0094
0.917005 0.486697 0.0094
0.446222 0.881036 0.0094
0.162857 0.662526 0.0094
0.902655 0.523515 0.0094
0.67942 0.0159665 0.0094
0.520745 0.425076 0.0094
0.167015 0.629712 0.0094
0.662659 0.505687 0.0094
0.601883 0.993532 0.0094
0.939529 0.65903 0.0093
0.0286133 0.344046 0.0093
0.904829 0.929252 0.0093
0.0197563 0.38647 0.0093
0.0312348 0.227489 0.0093
0.79955 0.448831 0.0093
0.822635 0.627144 0.0093
0.10864 0.919036 0.0093
0.77924 0.672994 0.0093
0.702066 0.690583 0.0093
0.0576765 0.580059 0.0093
0.213613 0.696228 0.0093
0.00270609 0.292773 0.0093
0.0121549 0.812406 0.0093
0.0140461 0.445933 0.0093
0.335761 0.224423 0.0093
0.240869 0.617025 0.0093
0.831354 0.437335 0.0093
0.0519574 0.700862 0.0093
0.853606 0.669254 0.0092
0.671984 0.171593 0.0092
0.156244 0.543261 0.0092
0.86774 0.512655 0.0092
0.726308 0.484011 0.0092
0.309078 0.342217 0.0092
0.597674 0.438778 0.0092
0.962063 0.603817 0.0092
0.422012 0.604942 0.0092
0.682581 0.231606 0.0092
0.413738 0.0422591 0.0092
0.418332 0.252201 0.0092
0.372953 0.659255 0.0092
0.835835 0.342521 0.0092
0.637012 0.136197 0.0092
0.168658 0.600481 0.0092
0.294889 0.670885 0.0092
0.591711 0.0179196 0.0092
0.564425 0.724184 0.0092
0.771588 0.563852 0.0092
0.473668 0.966104 0.0091
0.966125 0.640878 0.0091
0.830073 0.597721 0.0091
0.892059 0.470857 0.0091
0.510091 0.0176925 0.0091
0.464074 0.653268 0.0091
0.147976 0.794479 0.0091
0.769584 0.630181 0.0091
0.441986 0.308288 0.0091
0.814554 0.656105 0.0091
0.874838 0.725669 0.0091
0.898576 0.677208 0.0091
0.503542 0.567563 0.0091
0.52291 0.864385 0.0091
0.0116612 0.207068 0.0091
0.262814 0.263807 0.0091
0.128008 0.629492 0.0091
0.587619 0.490603 0.0091
0.377851 0.398215 0.0091
0.863258 0.786995 0.0091
0.00221416 0.328171 0.0091
0.211674 0.958908 0.0091
0.996598 0.175367 0.0091
0.478796 0.413593 0.0091
0.427362 0.404085 0.009
0.428248 0.152049 0.009
0.449748 0.603135 0.009
0.240834 0.661599 0.009
0.362279 0.617505 0.009
0.732879 0.573555 0.009
0.389523 0.920479 0.009
0.865465 0.569551 0.009
0.40352 0.0889887 0.009
0.866652 0.899522 0.009
0.793879 0.164792 0.009
0.724711 0.144602 0.009
0.0791913 0.752104 0.009
