0.961832 0.123768 0.011
0.876829 0.868525 0.011
0.617446 0.828014 0.0109
0.327115 0.801912 0.0109
0.0452047 0.768308 0.0109
0.798329 0.0748611 0.0109
0.895192 0.492047 0.0109
0.73292 0.804518 0.0109
0.0670948 0.652201 0.0108
0.519917 0.78211 0.0108
0.797606 0.925895 0.0108
0.969456 0.595446 0.0108
0.956205 0.250479 0.0107
0.77249 0.794096 0.0107
0.524475 0.740135 0.0107
0.96721 0.445826 0.0106
0.277279 0.908512 0.0106
0.905768 0.207659 0.0106
0.385359 0.966915 0.0105
0.304624 0.762231 0.0105
0.809558 0.765254 0.0103
0.267407 0.756976 0.0103
0.912091 0.58272 0.0103
0.85113 0.780525 0.0102
0.23031 0.888939 0.0102
0.753743 0.886278 0.01
0.930915 0.449835 0.01
