3 1000 2000 3000
1000 617 799 1089
1000 9608 8443 1086
1000 5572 2668 1079
1000 4076 6588 1073
1000 639 4121 1062
1000 301 7818 1055
1000 8799 3706 1018
1000 9610 300 956
1000 4601 8 939
1000 5047 9373 938
2000 8855 3000 110
2000 4899 8819 110
2000 3859 8550 110
2000 7940 7262 110
2000 59 6779 110
2000 4917 509 110
2000 2312 4249 110
2000 8133 8574 109
2000 745 2569 109
2000 8686 5632 109
2000 175 3244 109
2000 5070 1583 109
2000 3272 1154 109
2000 7548 3083 109
2000 3025 5074 109
2000 8176 287 109
2000 7112 9175 109
2000 4915 6634 109
2000 5186 5287 108
2000 8078 3832 108
2000 7524 5348 108
2000 2254 811 108
2000 598 753 108
2000 9909 25 108
2000 3003 9431 108
2000 2128 5329 108
2000 415 8603 108
2000 6273 7057 108
2000 3356 371 108
2000 876 5876 108
2000 9815 6595 108
2000 5027 3541 108
2000 6959 7733 108
2000 4802 9715 108
2000 7003 7023 108
2000 7451 518 108
2000 9065 1028 108
2000 7821 9565 107
2000 2089 6260 107
2000 606 3529 107
2000 5376 3945 107
2000 9810 8236 107
2000 9339 7288 107
2000 1597 5944 107
2000 3182 8007 107
2000 8552 7372 107
2000 7979 6629 107
2000 7750 8734 107
2000 7833 2759 107
2000 1545 6830 107
2000 7900 4722 107
2000 6474 8376 107
2000 7566 2487 107
2000 2646 6206 107
2000 1905 3525 106
2000 9313 3368 106
2000 7165 5649 106
2000 1786 7870 106
2000 3658 1153 106
2000 7718 869 106
2000 5822 5190 106
2000 5 1465 106
2000 4339 4493 106
2000 3956 3073 106
2000 2646 1314 106
2000 4685 2810 106
2000 8730 6926 106
2000 8684 8981 106
2000 1034 1957 106
2000 848 6291 106
2000 9443 2644 106
2000 5411 2651 106
2000 3381 8687 105
2000 7861 4139 105
2000 850 8297 105
2000 3882 3872 105
2000 3832 2550 105
2000 7560 6952 105
2000 6948 6106 105
2000 2176 5719 105
2000 9778 9862 105
2000 4248 3226 105
2000 2147 3972 105
2000 5639 5854 105
2000 1906 232 105
2000 5638 6209 105
2000 4514 3926 105
2000 1024 5393 105
2000 3944 995 104
2000 1974 7369 104
2000 9209 8 104
2000 9598 7750 104
2000 5502 8396 104
2000 6829 408 104
2000 1373 3701 104
2000 1583 1063 104
2000 6949 8502 104
2000 7629 1876 104
2000 1347 4622 104
2000 5505 5145 104
2000 3988 5412 104
2000 7978 6279 104
2000 4129 9634 104
2000 5707 1672 104
2000 9951 9464 104
2000 2675 7926 104
2000 6448 1672 104
2000 534 6103 103
2000 6721 3444 103
2000 9051 3719 103
2000 6137 140 103
2000 7184 2582 103
2000 5346 2027 103
2000 6936 4485 103
2000 2381 1545 103
2000 1538 9844 103
2000 5084 4342 103
2000 8597 1420 103
2000 4574 6035 103
2000 4806 1826 103
2000 220 127 103
2000 6694 8831 103
2000 2207 9906 103
2000 3452 1774 103
2000 5848 9374 103
2000 5583 3505 103
2000 256 4038 103
2000 3407 2520 103
2000 6454 808 103
2000 2891 4317 102
2000 7882 9069 102
2000 381 7867 102
2000 913 4801 102
2000 7126 1016 102
2000 7967 690 102
2000 5968 3065 102
2000 5201 7556 102
2000 1510 3094 102
2000 3543 9744 102
2000 4009 7288 102
2000 115 1942 102
2000 3917 8892 102
2000 3343 2949 102
2000 2310 2859 102
2000 6793 3766 102
2000 7140 179 102
2000 4469 481 102
2000 4428 6663 102
2000 6064 4075 102
2000 6133 2493 102
2000 9937 1646 102
2000 5078 2292 102
2000 8571 778 100
2000 8013 3224 100
2000 3816 4615 100
2000 9294 5304 100
2000 8484 8450 100
2000 2490 3318 100
2000 6553 6615 100
2000 207 8833 100
2000 2639 9106 100
2000 6788 2810 100
2000 9751 2540 100
2000 7842 8006 100
2000 6746 95 100
2000 3787 145 100
2000 8818 2110 100
2000 2984 6508 100
2000 9439 749 100
2000 1630 9435 100
2000 3800 1978 100
2000 2140 8454 100
2000 1483 4055 100
2000 7313 4266 100
2000 8252 9128 100
2000 3110 3342 100
2000 6614 9918 100
2000 9230 9352 100
2000 8453 6775 100
2000 9973 4460 100
2000 4361 4913 100
2000 3617 7811 100
2000 8611 355 100
2000 3570 8347 100
2000 7672 3635 100
2000 9497 5971 100
2000 4068 9953 100
2000 8493 1874 100
2000 6806 5232 100
2000 464 9649 100
2000 1028 1439 100
2000 3471 7376 100
2000 2720 26 100
2000 9058 6725 100
2000 7380 7377 99
2000 2563 5013 99
2000 7700 9849 99
2000 2681 7352 99
2000 3279 4387 99
2000 4167 8292 99
2000 9985 1071 99
2000 684 349 99
2000 1323 299 99
2000 7030 4783 99
2000 9198 9768 99
2000 1290 2195 99
2000 5365 7812 99
2000 989 3584 99
2000 2188 2328 98
2000 4473 183 98
2000 5862 4789 98
2000 5516 2314 98
2000 6136 8558 98
2000 8471 3189 98
2000 8264 9816 98
2000 8493 7877 98
2000 6562 4727 98
2000 8288 2872 98
2000 4352 9130 98
2000 6240 9991 98
2000 1158 4375 98
2000 3047 8811 98
2000 3865 8209 98
2000 8872 2581 98
2000 7594 1150 98
2000 4311 7899 98
2000 6976 2139 98
2000 8962 8511 98
2000 2538 8322 98
2000 7943 1427 98
2000 2074 5019 98
2000 9559 6433 98
2000 9919 5419 98
2000 9107 1414 97
2000 4106 95 97
2000 2640 1944 97
2000 9689 4310 97
2000 7023 9512 97
2000 1490 8994 97
2000 9006 4108 97
2000 5604 7276 97
2000 9089 688 97
2000 4877 4573 97
2000 6165 1795 97
2000 6759 4160 97
2000 8762 1754 97
2000 9592 6808 97
2000 6386 3210 97
2000 1091 9688 97
2000 6499 4003 97
2000 4201 1567 97
2000 4092 6131 97
2000 9693 2157 97
2000 6144 1401 97
2000 6203 5725 97
2000 2553 796 96
2000 609 6768 96
2000 9420 3965 96
2000 769 9143 96
2000 5075 9402 96
2000 3079 9994 96
2000 5295 3353 96
2000 4542 827 96
2000 6453 5121 96
2000 6107 6417 96
2000 5280 5725 96
2000 1736 8402 96
2000 2836 5534 96
2000 2075 3182 96
2000 1386 6498 96
2000 6271 9664 96
2000 3389 6066 96
2000 4981 6309 96
2000 9950 6052 96
2000 5629 2872 96
2000 1151 938 96
2000 3505 4734 95
2000 428 1331 95
2000 5428 9908 95
2000 6769 1363 95
2000 8133 7814 95
2000 6461 9205 95
2000 8682 4767 95
2000 2534 9424 95
2000 7173 3138 95
2000 9764 383 95
2000 5650 7795 95
2000 3098 7643 95
2000 4428 7615 95
2000 3123 3646 95
2000 4586 8586 95
2000 3197 8369 95
2000 3259 6327 95
2000 8543 2269 95
2000 3559 4145 95
2000 2933 4000 95
2000 6099 3378 95
2000 3800 9536 95
2000 5813 8387 95
2000 197 9327 95
2000 734 8577 95
2000 2582 6497 95
2000 8597 9313 94
2000 5987 6078 94
2000 7636 4368 94
2000 5067 1260 94
2000 3693 5266 94
2000 5904 695 94
2000 8215 5894 94
2000 9695 977 94
2000 2011 1159 94
2000 5439 9444 94
2000 4135 9342 94
2000 811 9977 94
2000 5537 4393 94
2000 6025 1110 94
2000 3097 5403 94
2000 8089 2070 94
2000 6173 4783 94
2000 5248 812 94
2000 86 8143 94
2000 6340 2705 94
2000 1729 2527 94
2000 3430 6973 94
2000 1412 588 93
2000 3195 783 93
2000 6195 486 93
2000 1044 2368 93
2000 9183 1940 93
2000 8511 6106 93
2000 9132 4682 93
2000 6694 8116 93
2000 260 4890 93
2000 1006 6771 93
2000 3708 3600 93
2000 2103 7787 93
2000 7089 6679 93
2000 1027 7076 93
2000 1867 4224 93
2000 8320 2515 93
2000 2273 9236 93
2000 4570 6360 93
2000 5373 6852 93
2000 5369 6512 92
2000 103 1100 92
2000 750 7945 92
2000 6016 4469 92
2000 4661 1317 92
2000 2736 6915 92
2000 5980 8872 92
2000 7779 338 92
2000 2260 91 92
2000 6482 7261 92
2000 536 6475 92
2000 9186 2996 92
2000 3035 7053 92
2000 9629 9476 92
2000 9859 3347 92
2000 4612 5335 92
2000 3770 3304 92
2000 2230 8934 92
2000 2317 8127 92
2000 5788 6483 92
2000 610 2916 91
2000 4090 2694 91
2000 9487 450 91
2000 144 9828 91
2000 677 5594 91
2000 6282 7779 91
2000 6425 5397 91
2000 8892 7853 91
2000 134 5490 91
2000 1892 4772 91
2000 8267 1056 91
2000 7375 9364 91
2000 1657 5338 91
2000 9603 3753 91
2000 6794 5609 91
2000 7285 2115 91
2000 7746 6035 91
2000 4250 1116 91
2000 3890 7734 91
2000 9608 1515 91
2000 9684 7219 91
2000 1494 4951 91
2000 2005 9344 91
2000 4485 5751 91
2000 8225 5148 89
2000 1645 2021 89
2000 6198 8277 89
2000 2587 8824 89
2000 8223 4289 89
2000 1405 1798 89
2000 1327 2868 89
2000 3469 6663 89
2000 3461 5752 89
2000 5083 4057 89
2000 1578 1565 89
2000 2160 6763 89
2000 1843 5690 89
3000 4776 7024 110
3000 6470 2763 110
3000 2329 4125 109
3000 6645 8970 109
3000 683 431 109
3000 2408 7791 109
3000 9561 7185 109
3000 9084 184 109
3000 378 6445 108
3000 9831 5963 108
3000 1831 6736 108
3000 7248 8044 108
3000 1309 8337 107
3000 3323 4545 107
3000 1823 4288 107
3000 9482 5407 106
3000 2826 7895 106
3000 4392 4522 106
3000 1112 5656 105
3000 4498 6195 105
3000 3070 7038 103
3000 8221 8409 103
3000 4575 3735 103
3000 5212 3393 102
3000 285 7621 102
3000 4562 8023 100
3000 9204 7775 100
3000 2325 3455 100
3000 9597 4621 98
3000 4011 7580 98
3000 5814 8543 97
3000 9515 5748 97
3000 9836 6417 97
3000 6714 8122 97
3000 1284 2953 97
3000 3485 5486 96
3000 1681 5181 96
3000 455 5745 95
3000 2764 6891 94
3000 4117 2887 94
3000 2040 9094 93
3000 4108 7016 92
3000 4691 8406 92
3000 7622 9382 92
3000 4883 6589 91
3000 866 5356 91
3000 5200 9562 91
3000 1577 2112 91
3000 8609 4950 89
3000 9615 8405 89
