3 1000 2000 3000
1000 9275 2525 1089
1000 5296 9707 1086
1000 991 6454 1079
1000 2079 1412 1073
1000 8071 7673 1062
1000 5586 2927 1055
1000 508 9743 1018
1000 5259 6769 956
1000 3503 4502 939
1000 5895 102 938
2000 4007 7924 110
2000 2163 8738 110
2000 436 2835 110
2000 6615 3765 110
2000 5054 4131 110
2000 305 3741 110
2000 9566 6158 110
2000 5190 5264 109
2000 3092 9758 109
2000 7422 1721 109
2000 2828 5998 109
2000 9703 4961 109
2000 2628 7546 109
2000 2953 8426 109
2000 4331 1854 109
2000 9199 9742 109
2000 1991 4722 109
2000 3059 6830 109
2000 759 5128 108
2000 6425 6305 108
2000 5732 1435 108
2000 2366 6159 108
2000 6906 1025 108
2000 3006 7410 108
2000 6177 5416 108
2000 9961 3831 108
2000 8158 5635 108
2000 415 1217 108
2000 7313 194 108
2000 6219 8432 108
2000 4191 3473 108
2000 3940 1423 108
2000 3754 206 108
2000 834 4463 108
2000 8177 4561 108
2000 6264 4557 108
2000 404 198 108
2000 885 2492 107
2000 1732 130 107
2000 8610 8944 107
2000 5743 5657 107
2000 903 8375 107
2000 8656 5186 107
2000 5082 1206 107
2000 4655 3809 107
2000 8263 190 107
2000 1531 3135 107
2000 3442 9001 107
2000 1588 4267 107
2000 5172 4477 107
2000 3479 9394 107
2000 6692 9510 107
2000 691 8006 107
2000 7473 9310 107
2000 1547 7859 106
2000 3350 7450 106
2000 7896 1758 106
2000 8999 5172 106
2000 2881 2636 106
2000 3459 426 106
2000 7929 970 106
2000 7737 2667 106
2000 9199 3819 106
2000 83 1424 106
2000 6827 5539 106
2000 5408 4986 106
2000 7302 9971 106
2000 6651 1467 106
2000 7186 5034 106
2000 8893 685 106
2000 1425 8506 106
2000 1948 4120 106
2000 7107 2996 105
2000 7465 6487 105
2000 1519 5041 105
2000 4935 8010 105
2000 6079 5757 105
2000 6644 7511 105
2000 997 3236 105
2000 2953 8014 105
2000 3423 862 105
2000 4426 8450 105
2000 8163 5982 105
2000 361 4608 105
2000 8677 4158 105
2000 2564 3650 105
2000 8487 4408 105
2000 9435 8281 105
2000 7184 1301 104
2000 7506 1138 104
2000 5664 7913 104
2000 8386 1282 104
2000 7428 6117 104
2000 7114 8719 104
2000 4006 6148 104
2000 30 7877 104
2000 6870 3202 104
2000 9154 5938 104
2000 936 313 104
2000 707 677 104
2000 2250 9913 104
2000 7762 656 104
2000 8055 4216 104
2000 7992 1336 104
2000 2348 6616 104
2000 4919 770 104
2000 7646 4911 104
2000 3582 8189 103
2000 6522 5588 103
2000 2602 5762 103
2000 9624 7258 103
2000 8657 8 103
2000 9976 1143 103
2000 4538 22 103
2000 8696 982 103
2000 2744 9366 103
2000 8412 9874 103
2000 8316 3975 103
2000 6525 5100 103
2000 3447 6281 103
2000 2335 5457 103
2000 3709 7569 103
2000 2434 7095 103
2000 3984 1000 103
2000 4578 5641 103
2000 3898 8328 103
2000 83 394 103
2000 9469 5263 103
2000 7502 5545 103
2000 9683 9032 102
2000 3158 8681 102
2000 3801 8922 102
2000 262 8352 102
2000 7682 1528 102
2000 8522 6249 102
2000 2600 9025 102
2000 1618 3756 102
2000 3999 3209 102
2000 4943 4685 102
2000 9973 370 102
2000 6220 1400 102
2000 46 4326 102
2000 9141 4807 102
2000 6885 4355 102
2000 7398 2255 102
2000 3972 2253 102
2000 7764 4359 102
2000 1694 5337 102
2000 7803 9841 102
2000 9545 4168 102
2000 749 65 102
2000 93 5180 102
2000 3477 7151 100
2000 4671 1711 100
2000 7529 8823 100
2000 3862 5684 100
2000 2537 5167 100
2000 242 3184 100
2000 166 1800 100
2000 9267 6370 100
2000 3728 6832 100
2000 4049 677 100
2000 3730 6022 100
2000 8487 686 100
2000 9866 8017 100
2000 5270 8350 100
2000 9595 6799 100
2000 9543 1103 100
2000 1524 2612 100
2000 8010 9056 100
2000 2948 3022 100
2000 6858 6375 100
2000 9838 1 100
2000 2672 7876 100
2000 6484 9005 100
2000 752 2771 100
2000 3082 9222 100
2000 6870 4938 100
2000 3061 3452 100
2000 2096 9444 100
2000 8168 6320 100
2000 3062 6431 100
2000 1187 4287 100
2000 1129 8684 100
2000 7597 3281 100
2000 815 3481 100
2000 9278 7209 100
2000 613 7692 100
2000 6793 6080 100
2000 6606 4705 100
2000 3007 501 100
2000 1295 367 100
2000 1183 3971 100
2000 3186 2642 100
2000 9022 408 99
2000 9733 5888 99
2000 6155 7781 99
2000 7865 5381 99
2000 6806 9799 99
2000 1888 7446 99
2000 3888 9713 99
2000 9341 185 99
2000 9458 471 99
2000 8811 6080 99
2000 3585 1752 99
2000 8534 9558 99
2000 7360 4357 99
2000 9214 9138 99
2000 411 2159 98
2000 1828 2753 98
2000 2027 4 98
2000 4853 1442 98
2000 3187 2135 98
2000 5811 8272 98
2000 6759 8586 98
2000 3558 2835 98
2000 7404 4705 98
2000 7183 481 98
2000 2 3694 98
2000 3440 2474 98
2000 4577 5215 98
2000 8638 5619 98
2000 8744 6537 98
2000 2123 3000 98
2000 2794 233 98
2000 7370 9596 98
2000 7637 85 98
2000 183 7584 98
2000 3717 778 98
2000 1090 2854 98
2000 1901 8588 98
2000 2227 8034 98
2000 1699 9033 98
2000 9962 8663 97
2000 8359 5034 97
2000 3946 1800 97
2000 2215 7453 97
2000 7179 5936 97
2000 7471 793 97
2000 6371 8044 97
2000 8013 9397 97
2000 7678 2346 97
2000 8940 8969 97
2000 4314 7478 97
2000 2106 3475 97
2000 5536 4521 97
2000 9929 7066 97
2000 2679 3154 97
2000 2674 9725 97
2000 2722 6641 97
2000 5878 4183 97
2000 9915 4622 97
2000 8339 3537 97
2000 8841 4414 97
2000 4590 709 97
2000 7827 320 96
2000 4311 1469 96
2000 2467 2701 96
2000 6885 8154 96
2000 3480 62 96
2000 6216 1794 96
2000 6548 4129 96
2000 7862 4693 96
2000 6858 2492 96
2000 7168 4078 96
2000 81 2585 96
2000 6422 6669 96
2000 357 4057 96
2000 7280 5329 96
2000 9248 1129 96
2000 3331 9975 96
2000 3266 8235 96
2000 9808 5531 96
2000 7989 2381 96
2000 1944 3730 96
2000 464 2507 96
2000 797 2016 95
2000 7147 6430 95
2000 6743 1986 95
2000 9510 9639 95
2000 671 1434 95
2000 29 926 95
2000 4473 8121 95
2000 3243 5825 95
2000 9893 9516 95
2000 664 4137 95
2000 9350 7550 95
2000 9422 5642 95
2000 9698 9910 95
2000 860 3778 95
2000 1913 8210 95
2000 9601 4533 95
2000 2530 8578 95
2000 3977 2606 95
2000 3784 6346 95
2000 7388 3812 95
2000 2333 4176 95
2000 4275 858 95
2000 7028 9503 95
2000 4717 4243 95
2000 725 1730 95
2000 7950 3033 95
2000 4225 2909 94
2000 7947 3649 94
2000 9759 785 94
2000 8190 508 94
2000 8913 1239 94
2000 4003 6631 94
2000 7094 3518 94
2000 9147 8367 94
2000 3611 9842 94
2000 980 7895 94
2000 4490 1047 94
2000 6935 3823 94
2000 4264 8742 94
2000 9424 7963 94
2000 9652 7594 94
2000 2108 7753 94
2000 9975 5182 94
2000 5419 1562 94
2000 1301 8125 94
2000 5940 8570 94
2000 7754 2028 94
2000 1038 4849 94
2000 6752 3502 93
2000 3317 7752 93
2000 7766 6010 93
2000 63 5536 93
2000 4866 8444 93
2000 1918 5553 93
2000 2356 57 93
2000 4144 7075 93
2000 3678 2069 93
2000 6880 9084 93
2000 1484 4743 93
2000 9774 6573 93
2000 1249 7705 93
2000 6010 8071 93
2000 6051 5091 93
2000 6944 6876 93
2000 6559 5896 93
2000 3929 2901 93
2000 6950 2228 93
2000 3617 1208 92
2000 2703 5402 92
2000 1247 2552 92
2000 4303 2435 92
2000 7130 1596 92
2000 393 613 92
2000 5986 4775 92
2000 5016 1675 92
2000 4186 8170 92
2000 7298 3243 92
2000 7092 4602 92
2000 5795 5342 92
2000 524 3411 92
2000 7741 3953 92
2000 6876 5221 92
2000 2914 5683 92
2000 2936 7707 92
2000 4633 2052 92
2000 5346 7997 92
2000 1920 4433 92
2000 178 4880 91
2000 1302 3364 91
2000 6517 7116 91
2000 8872 9481 91
2000 9690 8541 91
2000 3849 7183 91
2000 8246 966 91
2000 4507 7757 91
2000 4833 5400 91
2000 1853 3233 91
2000 2423 3358 91
2000 2270 3725 91
2000 7505 4095 91
2000 1770 9325 91
2000 8755 9872 91
2000 8761 4755 91
2000 4213 335 91
2000 6679 7931 91
2000 2742 6996 91
2000 7550 5838 91
2000 1803 9799 91
2000 4963 5065 91
2000 9030 18 91
2000 8917 5554 91
2000 59 2098 89
2000 7138 828 89
2000 6824 7244 89
2000 5000 5619 89
2000 4254 5418 89
2000 9124 4414 89
2000 1452 8858 89
2000 1638 8138 89
2000 3795 9368 89
2000 7391 2864 89
2000 2100 5044 89
2000 3976 7425 89
2000 3420 6707 89
3000 1756 2308 110
3000 6580 406 110
3000 5862 7194 109
3000 6165 9516 109
3000 1326 5735 109
3000 8787 1848 109
3000 8308 6818 109
3000 6217 3136 109
3000 4685 7383 108
3000 8801 7798 108
3000 230 5996 108
3000 2815 1800 108
3000 5486 8870 107
3000 8015 8407 107
3000 5318 345 107
3000 824 7066 106
3000 7573 7106 106
3000 2810 1278 106
3000 8914 7362 105
3000 7592 8135 105
3000 6071 9983 103
3000 2357 698 103
3000 1415 7182 103
3000 114 6399 102
3000 1375 1292 102
3000 5551 2169 100
3000 484 6935 100
3000 5824 689 100
3000 6324 672 98
3000 4966 8888 98
3000 572 5652 97
3000 945 5728 97
3000 2048 550 97
3000 4479 9755 97
3000 1527 971 97
3000 4599 9399 96
3000 8695 8201 96
3000 1295 1702 95
3000 5398 697 94
3000 8501 7098 94
3000 5203 3601 93
3000 4799 2903 92
3000 4900 3201 92
3000 1701 6800 92
3000 6198 2398 91
3000 1598 1995 91
3000 6201 3496 91
3000 7297 7697 91
3000 4004 3902 89
3000 6301 2799 89
