1 1000
1000 8505 10418 961
1000 15949 18787 961
1000 8148 5279 961
1000 11613 1766 961
1000 11099 16045 951
1000 16150 10330 951
1000 18087 15089 951
1000 2864 8189 951
1000 4451 4845 925
1000 5550 11342 925
1000 16687 6173 925
1000 4630 9068 925
1000 4375 260 853
1000 1251 15415 853
1000 7298 12656 853
1000 3877 2266 853
1000 19744 7486 847
1000 6861 2535 847
1000 18006 17079 847
1000 13627 6670 847
1000 15243 12392 815
1000 6530 829 815
1000 17899 11698 815
1000 17483 8085 815
1000 6383 16767 787
1000 2445 1 787
1000 319 5913 787
1000 8169 16419 787
1000 713 2746 774
1000 12384 11537 774
1000 16594 16215 774
1000 1602 13142 774
1000 8468 18346 763
1000 18798 9503 763
1000 8910 2431 763
1000 8173 441 763
1000 6339 18642 731
1000 18311 327 731
1000 3660 17623 731
1000 577 203 731
1000 5260 14613 718
1000 19034 12906 718
1000 3255 12998 718
1000 16905 13718 718
1000 10230 10178 674
1000 7472 14502 674
1000 2788 11465 674
1000 15391 14877 674
1000 15077 16925 574
1000 11179 3498 574
1000 9986 11837 574
1000 13460 10322 574
1000 3037 6022 533
1000 543 7598 533
1000 11386 9692 533
1000 1714 4056 533
1000 12869 9219 495
1000 13943 16162 495
1000 4668 12579 495
1000 6271 13766 495
1000 9433 13227 493
1000 6530 10193 493
1000 6987 9143 493
1000 12464 7446 493
1000 4859 17182 482
1000 13272 15147 482
1000 9883 3336 482
1000 10027 14854 482
1000 6063 3886 472
1000 10537 17742 472
1000 4946 6616 472
1000 4686 15809 472
1000 7867 3475 463
1000 9446 16828 463
1000 10302 9046 463
1000 4179 10743 463
1000 3350 10039 440
1000 2486 3243 440
1000 6375 5718 440
1000 3787 15131 440
1000 6297 7972 431
1000 8971 15341 431
1000 11516 14317 431
1000 11860 13475 431
1000 2054 9332 402
1000 1852 16936 402
1000 3295 16199 402
1000 9682 1495 402
1000 234 8803 392
1000 15526 6959 392
1000 5389 3050 392
1000 9700 19375 392
1000 4062 6264 379
1000 7678 8376 379
1000 2902 4136 379
1000 12216 3955 379
1000 12345 10252 367
1000 19992 12178 367
1000 10606 14070 367
1000 2544 14080 367
1000 7830 7592 341
1000 11652 6984 341
1000 8088 19462 341
1000 5701 7202 341
1000 11030 8380 333
1000 2488 17734 333
1000 3341 14282 333
1000 14986 13701 333
1000 12518 14146 328
1000 10232 7982 328
1000 11015 12973 328
1000 14553 18607 328
1000 1607 1123 304
1000 13529 12217 304
1000 5194 3717 304
1000 2430 15674 304
1000 5466 1981 299
1000 2158 10387 299
1000 16554 17670 299
1000 13867 8868 299
1000 7998 15322 298
1000 14041 11873 298
1000 8215 13841 298
1000 4840 7673 298
1000 1303 6740 289
1000 1518 9816 289
1000 18010 13804 289
1000 6519 15611 289
1000 2768 4859 280
1000 14994 7756 280
1000 14838 8298 280
1000 9506 4157 280
1000 9845 15595 268
1000 15706 9104 268
1000 19610 11197 268
1000 9202 7923 268
1000 16162 7248 268
1000 12705 12696 268
1000 1009 8932 268
1000 8297 11735 268
1000 10727 7134 267
1000 3550 3729 267
1000 9662 17884 267
1000 4776 17982 267
1000 19016 10936 244
1000 12533 8191 244
1000 17834 18325 244
1000 13446 13988 244
1000 3868 15919 237
1000 9628 750 237
1000 15354 5975 237
1000 11497 7736 237
1000 8950 14582 232
1000 2337 18396 232
1000 9481 7293 232
1000 4342 7247 232
1000 1233 17495 228
1000 11989 8023 228
1000 14393 17566 228
1000 6868 7301 228
1000 1784 11253 225
1000 1770 1911 225
1000 12845 4743 225
1000 610 18049 225
1000 1716 17933 214
1000 19023 17850 214
1000 17857 10410 214
1000 8740 6608 214
1000 8558 1413 208
1000 13954 19357 208
1000 14522 18024 208
1000 14589 15450 208
1000 12864 3881 201
1000 9461 47 201
1000 7404 6916 201
1000 2373 1704 201
1000 2595 12332 184
1000 10842 4553 184
1000 5680 9969 184
1000 14117 14658 184
1000 10634 4194 179
1000 13601 4091 179
1000 6748 6373 179
1000 10100 2331 179
1000 875 18494 177
1000 13328 8359 177
1000 6655 6830 177
1000 16753 9227 177
1000 13413 5225 165
1000 7429 18562 165
1000 10655 18645 165
1000 10112 622 165
1000 12078 6535 159
1000 15268 9249 159
1000 4485 16459 159
1000 11235 10785 159
1000 7057 11401 151
1000 4019 3493 151
1000 1596 5435 151
1000 8273 6945 151
1000 1967 2393 147
1000 9161 4706 147
1000 10971 11917 147
1000 12192 8521 147
1000 1710 5774 145
1000 7890 2426 145
1000 13596 19000 145
1000 8717 13079 145
1000 5836 6156 138
1000 10549 5074 138
1000 502 4881 138
1000 14533 11413 138
1000 2579 18723 134
1000 9825 14254 134
1000 5038 10387 134
1000 12910 8216 134
1000 3286 15584 132
1000 16299 8956 132
1000 8004 1926 132
1000 1971 7102 132
1000 12452 15801 130
1000 682 4257 130
1000 8444 3772 130
1000 1695 1557 130
1000 1523 18609 125
1000 8714 12699 125
1000 2863 1447 125
1000 3446 12149 125
1000 16058 17654 122
1000 1748 5069 122
1000 1954 14027 122
1000 15406 8656 122
1000 3170 573 119
1000 13048 16023 119
1000 14887 18186 119
1000 4996 7213 119
1000 11136 7350 117
1000 7273 17982 117
1000 1544 2234 117
1000 14414 19249 117
1000 15711 7835 105
1000 2093 12341 105
1000 6346 8741 105
1000 6683 19711 105
1000 14314 10588 105
1000 10437 13026 105
1000 14291 13903 105
1000 14179 17029 105
1000 9037 7448 102
1000 9630 18662 102
1000 3922 7624 102
1000 9552 18468 102
1000 1630 19065 100
1000 10364 19815 100
1000 12845 10020 100
1000 7626 19843 100
1000 10942 12537 94
1000 10479 6640 94
1000 10118 4400 94
1000 13643 14627 94
1000 7655 4033 92
1000 3130 5327 92
1000 13762 8240 92
1000 2484 2402 92
1000 14848 9347 89
1000 13800 17212 89
1000 2805 2368 89
1000 12606 3308 89
1000 5841 10280 87
1000 1514 19489 87
1000 684 17029 87
1000 13933 10950 87
1000 7013 13754 84
1000 5001 16453 84
1000 17379 18845 84
1000 1430 19731 84
1000 1905 18900 83
1000 10098 4186 83
1000 11054 17480 83
1000 15245 8370 83
1000 14615 16268 81
1000 1162 8356 81
1000 13861 5612 81
1000 13820 11513 81
1000 1648 17503 79
1000 10137 19153 79
1000 13736 9422 79
1000 8657 7418 79
1000 1735 8165 75
1000 12917 13516 75
1000 1555 10996 75
1000 1631 11869 75
1000 1706 10235 72
1000 10805 10997 72
1000 7360 11335 72
1000 1344 1705 72
1000 10250 19590 69
1000 7087 10351 69
1000 1393 10729 69
1000 13714 13561 69
1000 4101 11453 67
1000 15921 7702 67
1000 15230 8581 67
1000 2006 11005 67
1000 13700 5444 63
1000 6467 11983 63
1000 7562 19999 63
1000 8516 15587 63
1000 13348 11142 62
1000 8631 19252 62
1000 8002 17299 62
1000 5612 5137 62
1000 11464 6352 58
1000 5969 9740 58
1000 9189 6272 58
1000 205 9503 58
1000 9345 4616 58
1000 14633 10303 58
1000 613 13706 58
1000 13211 4305 58
1000 3163 15257 55
1000 10349 14426 55
1000 6021 9349 55
1000 1246 657 55
1000 11537 15100 52
1000 7538 1268 52
1000 14172 18411 52
1000 2158 15110 52
1000 8495 17493 48
1000 4701 3061 48
1000 11253 7113 48
1000 3891 9908 48
1000 4144 7887 44
1000 3044 17091 44
1000 13306 11798 44
1000 11450 17954 44
1000 14784 6422 43
1000 11272 12214 43
1000 13035 13399 43
1000 1423 10375 43
1000 14983 5656 36
1000 3699 11565 36
1000 1031 18857 36
1000 6325 8590 36
1000 19044 10270 36
1000 14099 17679 36
1000 13303 17391 36
1000 7095 7607 36
1000 16116 8529 35
1000 14403 8193 35
1000 2060 14692 35
1000 10340 18903 35
1000 11777 12750 34
1000 4229 6877 34
1000 14265 12628 34
1000 10880 12100 34
1000 3967 6724 27
1000 14860 16277 27
1000 7218 4314 27
1000 5848 9459 27
1000 3113 1522 21
1000 9742 12483 21
1000 2153 11129 21
1000 7112 1653 21
1000 7836 13534 19
1000 10860 17203 19
1000 4822 3136 19
1000 15671 15854 19
1000 2023 6784 19
1000 10787 692 19
1000 2889 16781 19
1000 15441 8210 19
1000 16700 8670 18
1000 13218 13595 18
1000 8946 13807 18
1000 5861 2279 18
1000 24 18027 16
1000 13623 14195 16
1000 1617 11594 16
1000 280 9521 16
1000 8161 17545 11
1000 10202 16492 11
1000 13948 19613 11
1000 14248 18067 11
1000 13866 14147 10
1000 1456 19296 10
1000 2743 19181 10
1000 13480 13357 10
1000 11960 14548 8
1000 65 17992 8
1000 13538 13283 8
1000 10536 10927 8
1000 8514 12292 4
1000 5602 15696 4
1000 8520 19973 4
1000 6932 4552 4
1000 2407 4567 2
1000 10250 15423 2
1000 11697 7523 2
1000 19151 13939 2
