3 1000 2000 3000
1000 3780 2041 1089
1000 7641 1001 1086
1000 9408 5387 1079
1000 3110 5852 1073
1000 5419 7683 1062
1000 216 743 1055
1000 9188 9043 1018
1000 572 8214 956
1000 6807 5028 939
1000 194 4113 938
2000 5761 1491 110
2000 2776 8422 110
2000 7909 4431 110
2000 574 6322 110
2000 469 2033 110
2000 1334 3712 110
2000 4060 617 110
2000 2181 2954 109
2000 5524 9443 109
2000 6274 3717 109
2000 4741 6382 109
2000 7654 7650 109
2000 4932 4679 109
2000 8862 1769 109
2000 3934 9240 109
2000 2277 9153 109
2000 8247 2527 109
2000 5757 3400 109
2000 8900 3058 108
2000 6893 7789 108
2000 4086 3498 108
2000 1012 5512 108
2000 8662 7466 108
2000 2652 3623 108
2000 6154 2944 108
2000 1218 1599 108
2000 8842 3636 108
2000 6528 285 108
2000 7245 2479 108
2000 1631 409 108
2000 8165 3697 108
2000 2817 9930 108
2000 7557 2874 108
2000 233 5491 108
2000 5826 2096 108
2000 6657 8462 108
2000 1082 6856 108
2000 2092 4898 107
2000 1970 4249 107
2000 4107 8416 107
2000 4309 4673 107
2000 7365 9576 107
2000 3458 9901 107
2000 2458 1966 107
2000 826 2042 107
2000 8405 7932 107
2000 5805 554 107
2000 9108 7776 107
2000 5828 987 107
2000 4405 9211 107
2000 5499 4120 107
2000 9717 4035 107
2000 1410 3014 107
2000 508 2834 107
2000 8870 430 106
2000 2525 278 106
2000 2757 931 106
2000 8082 5365 106
2000 4013 6992 106
2000 8257 6806 106
2000 6162 4060 106
2000 6591 6711 106
2000 9263 3682 106
2000 2893 4357 106
2000 3366 3675 106
2000 961 9785 106
2000 2472 7303 106
2000 1288 4801 106
2000 3687 3415 106
2000 2954 9296 106
2000 6141 1408 106
2000 6956 6601 106
2000 1770 5335 105
2000 2452 4177 105
2000 6517 3045 105
2000 9383 3186 105
2000 1616 6330 105
2000 4503 9633 105
2000 5408 5376 105
2000 2116 3743 105
2000 3268 147 105
2000 3478 7143 105
2000 3466 9293 105
2000 2583 7914 105
2000 1950 8216 105
2000 4862 58 105
2000 8440 3931 105
2000 7158 3220 105
2000 118 6171 104
2000 3402 465 104
2000 7385 8099 104
2000 6271 6749 104
2000 9959 7950 104
2000 2072 786 104
2000 7686 2492 104
2000 6877 8143 104
2000 5855 4208 104
2000 9343 2863 104
2000 4199 8957 104
2000 8180 6142 104
2000 1644 9758 104
2000 3359 8557 104
2000 3060 7196 104
2000 3564 4086 104
2000 1759 2942 104
2000 3109 8972 104
2000 6467 9597 104
2000 7620 9807 103
2000 7565 8803 103
2000 6335 1139 103
2000 193 7018 103
2000 5460 4479 103
2000 3049 831 103
2000 3964 117 103
2000 5010 3370 103
2000 1752 7757 103
2000 1992 2105 103
2000 3969 7655 103
2000 37 2510 103
2000 1338 5626 103
2000 5439 9839 103
2000 2328 1316 103
2000 7834 3918 103
2000 6331 9325 103
2000 4776 4094 103
2000 6750 3396 103
2000 1826 2475 103
2000 9209 2194 103
2000 8672 6723 103
2000 8190 9956 102
2000 822 3129 102
2000 1393 1278 102
2000 9078 1352 102
2000 7659 6628 102
2000 3666 8918 102
2000 5618 6039 102
2000 4668 4393 102
2000 6750 2077 102
2000 2041 7887 102
2000 1759 1395 102
2000 7203 7109 102
2000 4215 6517 102
2000 316 5922 102
2000 9977 6901 102
2000 2563 3198 102
2000 1462 3398 102
2000 6445 8716 102
2000 5189 6409 102
2000 7695 9268 102
2000 5449 2907 102
2000 6991 7468 102
2000 2289 4579 102
2000 9642 1940 100
2000 5474 885 100
2000 2121 9532 100
2000 3582 4576 100
2000 5775 9728 100
2000 5103 9056 100
2000 3099 8072 100
2000 9433 6872 100
2000 7640 6941 100
2000 1297 9413 100
2000 1739 745 100
2000 6880 8989 100
2000 8748 7047 100
2000 9888 2132 100
2000 8050 5818 100
2000 4414 9923 100
2000 6787 3767 100
2000 5899 9305 100
2000 5433 9143 100
2000 9361 267 100
2000 7532 4079 100
2000 5074 5006 100
2000 6161 3429 100
2000 3078 433 100
2000 8506 3253 100
2000 3295 4345 100
2000 8193 7352 100
2000 2217 8704 100
2000 94 2014 100
2000 2621 9080 100
2000 3824 3749 100
2000 5146 1558 100
2000 8619 2801 100
2000 616 5568 100
2000 3082 3139 100
2000 3799 8109 100
2000 6260 6332 100
2000 9529 2609 100
2000 5063 6064 100
2000 2160 7188 100
2000 5134 720 100
2000 8131 4194 100
2000 7292 9150 99
2000 9692 3504 99
2000 1739 5849 99
2000 3756 9513 99
2000 6490 2385 99
2000 1547 7244 99
2000 5119 1257 99
2000 5354 3850 99
2000 8511 4227 99
2000 5988 1764 99
2000 1679 4930 99
2000 8987 1030 99
2000 1041 5088 99
2000 6827 9490 99
2000 7353 8502 98
2000 673 5173 98
2000 6508 1741 98
2000 5147 9502 98
2000 5287 2442 98
2000 2937 55 98
2000 9504 1495 98
2000 8027 2924 98
2000 854 6612 98
2000 7052 2839 98
2000 5341 467 98
2000 8313 2853 98
2000 1771 8842 98
2000 3671 7783 98
2000 1925 6767 98
2000 5059 5550 98
2000 642 2309 98
2000 9907 2903 98
2000 4710 3684 98
2000 1905 9143 98
2000 4474 4112 98
2000 1304 2618 98
2000 2370 6965 98
2000 867 5883 98
2000 2325 8182 98
2000 9820 735 97
2000 9967 997 97
2000 5058 2706 97
2000 8623 6400 97
2000 9991 1759 97
2000 9909 163 97
2000 5532 60 97
2000 4210 354 97
2000 8153 5025 97
2000 9 5816 97
2000 7719 7356 97
2000 1209 6007 97
2000 5729 8990 97
2000 7711 3237 97
2000 2209 3382 97
2000 75 6609 97
2000 9758 7609 97
2000 6655 9217 97
2000 8490 7188 97
2000 4793 2833 97
2000 1464 6663 97
2000 3723 757 97
2000 5001 3803 96
2000 6183 9975 96
2000 3126 7526 96
2000 9945 2490 96
2000 5223 101 96
2000 6133 127 96
2000 5319 2040 96
2000 1769 1855 96
2000 5449 1420 96
2000 2139 2539 96
2000 2759 4022 96
2000 4123 7338 96
2000 4753 5034 96
2000 7166 3948 96
2000 9947 7381 96
2000 2303 7557 96
2000 7207 6233 96
2000 7172 3611 96
2000 5956 3754 96
2000 4501 5661 96
2000 8244 4569 96
2000 1700 6959 95
2000 8962 4003 95
2000 6464 2756 95
2000 679 9457 95
2000 7213 6763 95
2000 5576 2300 95
2000 4605 945 95
2000 9498 7483 95
2000 0 9827 95
2000 2133 1681 95
2000 1575 2120 95
2000 7289 7791 95
2000 9908 3695 95
2000 4569 5309 95
2000 6064 803 95
2000 4517 531 95
2000 9449 835 95
2000 6425 2049 95
2000 6904 6242 95
2000 990 2718 95
2000 2486 1062 95
2000 3430 7521 95
2000 6715 7095 95
2000 9405 7813 95
2000 1721 3630 95
2000 4717 9288 95
2000 2307 9821 94
2000 9528 1140 94
2000 7474 3693 94
2000 9952 4227 94
2000 3042 3803 94
2000 9093 3439 94
2000 2577 9586 94
2000 5874 6501 94
2000 5145 4075 94
2000 7992 7843 94
2000 8260 6471 94
2000 2735 2955 94
2000 2008 92 94
2000 5792 179 94
2000 2834 7654 94
2000 1905 1147 94
2000 3323 8269 94
2000 1286 9907 94
2000 3900 4860 94
2000 4864 9737 94
2000 935 6244 94
2000 3393 7987 94
2000 4509 128 93
2000 7080 8393 93
2000 605 9995 93
2000 5504 4846 93
2000 1487 9067 93
2000 9262 2500 93
2000 6798 2488 93
2000 9611 7116 93
2000 4723 8833 93
2000 1500 4117 93
2000 6852 9998 93
2000 4258 3250 93
2000 4854 5773 93
2000 3161 4085 93
2000 9329 4011 93
2000 1131 3231 93
2000 4284 5008 93
2000 4733 339 93
2000 3683 325 93
2000 6149 9615 92
2000 470 6912 92
2000 1353 4466 92
2000 2811 8723 92
2000 8110 8214 92
2000 4544 6054 92
2000 2522 2350 92
2000 9336 1826 92
2000 7134 8770 92
2000 4631 4734 92
2000 9231 7393 92
2000 8549 1975 92
2000 2515 8697 92
2000 6158 2336 92
2000 3736 8423 92
2000 1755 8553 92
2000 7969 6621 92
2000 5474 5774 92
2000 9088 6804 92
2000 7657 8488 92
2000 2684 544 91
2000 4045 9867 91
2000 7799 5599 91
2000 4327 860 91
2000 7948 4730 91
2000 3097 9571 91
2000 6158 9046 91
2000 7544 6233 91
2000 4259 3900 91
2000 7855 6273 91
2000 4525 3355 91
2000 5153 9979 91
2000 2462 2847 91
2000 1153 2321 91
2000 7718 7997 91
2000 4326 6992 91
2000 6673 7487 91
2000 9619 473 91
2000 5883 2730 91
2000 3862 4330 91
2000 1999 6470 91
2000 1849 7207 91
2000 6069 420 91
2000 5586 3666 91
2000 803 6966 89
2000 7977 8954 89
2000 1971 498 89
2000 9207 7104 89
2000 8978 2518 89
2000 1298 6290 89
2000 4836 680 89
2000 6599 6378 89
2000 8518 3571 89
2000 8281 2223 89
2000 1372 5276 89
2000 9971 3360 89
2000 5605 1176 89
3000 321 7513 110
3000 2670 6456 110
3000 8477 8707 109
3000 8889 4693 109
3000 810 4511 109
3000 6619 4444 109
3000 3618 2927 109
3000 6977 527 109
3000 4639 2357 108
3000 285 3348 108
3000 4115 1319 108
3000 7345 5481 108
3000 2999 1596 107
3000 9654 8537 107
3000 2568 5234 107
3000 232 4879 106
3000 4393 2608 106
3000 3341 5061 106
3000 7161 1769 105
3000 967 4138 105
3000 2323 6046 103
3000 8356 1434 103
3000 3652 1188 103
3000 2935 2133 102
3000 6272 4619 102
3000 6931 937 100
3000 2215 5684 100
3000 8031 1777 100
3000 7325 300 98
3000 7238 4505 98
3000 4427 1542 97
3000 3264 6666 97
3000 7526 1908 97
3000 7573 4912 97
3000 4015 2860 97
3000 8730 5715 96
3000 8540 9144 96
3000 8796 5103 95
3000 9104 6004 94
3000 3600 6398 94
3000 9603 4699 93
3000 3295 2599 92
3000 9504 6103 92
3000 3001 5096 92
3000 9104 9704 91
3000 3400 1397 91
3000 9199 8395 91
3000 595 3595 91
3000 9898 6100 89
3000 9902 8897 89
