3 1000 2000 3000
1000 3484 7113 1089
1000 9076 5217 1086
1000 9760 337 1079
1000 6930 7841 1073
1000 6439 1748 1062
1000 3141 2561 1055
1000 9759 9346 1018
1000 564 8814 956
1000 636 542 939
1000 300 5852 938
2000 2819 9016 110
2000 5622 8178 110
2000 4864 6651 110
2000 4909 9933 110
2000 7249 4542 110
2000 1742 1611 110
2000 3014 220 110
2000 8404 2802 109
2000 749 1867 109
2000 7279 3670 109
2000 9297 7233 109
2000 1757 3759 109
2000 2465 6115 109
2000 4773 1949 109
2000 7511 9436 109
2000 3884 3859 109
2000 2056 7794 109
2000 3882 9310 109
2000 6488 5537 108
2000 2008 8854 108
2000 7624 6298 108
2000 5066 4304 108
2000 2712 4529 108
2000 8036 2042 108
2000 3291 5188 108
2000 5778 8943 108
2000 469 3308 108
2000 1449 4016 108
2000 5363 620 108
2000 2840 5277 108
2000 4818 9044 108
2000 5433 4795 108
2000 8078 667 108
2000 4866 1076 108
2000 1792 9669 108
2000 1267 6640 108
2000 1096 3043 108
2000 298 4168 107
2000 5179 7998 107
2000 7145 9316 107
2000 9982 6927 107
2000 5942 9723 107
2000 4498 8063 107
2000 5928 5060 107
2000 8251 8109 107
2000 8335 4007 107
2000 6983 5318 107
2000 6251 3935 107
2000 334 2856 107
2000 3080 3969 107
2000 4768 2697 107
2000 2717 4848 107
2000 5381 8962 107
2000 6639 9200 107
2000 857 7568 106
2000 4529 8535 106
2000 7801 8821 106
2000 4763 3732 106
2000 1575 3462 106
2000 5271 6902 106
2000 8841 8502 106
2000 8464 9699 106
2000 9412 2684 106
2000 3425 4541 106
2000 6227 6321 106
2000 7202 406 106
2000 7699 4110 106
2000 1204 2045 106
2000 5600 190 106
2000 5844 6684 106
2000 9137 7576 106
2000 2259 758 106
2000 8400 1734 105
2000 3782 5840 105
2000 6294 441 105
2000 4348 3846 105
2000 9324 1808 105
2000 1912 569 105
2000 9027 2128 105
2000 7522 6614 105
2000 5633 3320 105
2000 7487 4766 105
2000 7432 6 105
2000 2115 1274 105
2000 6626 4448 105
2000 5073 6069 105
2000 3892 403 105
2000 4390 9836 105
2000 5145 9167 104
2000 4124 1657 104
2000 9491 3789 104
2000 5004 2365 104
2000 8592 2117 104
2000 2678 5616 104
2000 1068 1747 104
2000 4596 4718 104
2000 5443 5779 104
2000 3840 8683 104
2000 2777 8308 104
2000 3129 1056 104
2000 6298 9753 104
2000 8161 6641 104
2000 6630 384 104
2000 6877 9692 104
2000 1692 2311 104
2000 4481 8861 104
2000 8120 1612 104
2000 7010 3440 103
2000 5018 5057 103
2000 1549 7609 103
2000 8840 6703 103
2000 9321 3014 103
2000 2093 5522 103
2000 714 3556 103
2000 9087 1488 103
2000 7171 2955 103
2000 8635 7318 103
2000 990 4275 103
2000 7620 1256 103
2000 2037 7150 103
2000 4776 624 103
2000 5555 5216 103
2000 1519 8088 103
2000 6786 4975 103
2000 4019 5637 103
2000 7297 5251 103
2000 3190 4344 103
2000 7182 6343 103
2000 7120 5933 103
2000 8129 9003 102
2000 3140 9607 102
2000 4448 5229 102
2000 7637 5886 102
2000 3396 9155 102
2000 8861 7802 102
2000 8247 2429 102
2000 9944 7743 102
2000 9825 3501 102
2000 1960 4888 102
2000 3764 9598 102
2000 3814 1365 102
2000 7614 5423 102
2000 1271 3530 102
2000 3048 9310 102
2000 3457 4176 102
2000 4465 1465 102
2000 2068 9453 102
2000 2442 9874 102
2000 292 2313 102
2000 146 3777 102
2000 5814 5438 102
2000 4573 5821 102
2000 2527 4096 100
2000 1369 6341 100
2000 1775 5496 100
2000 2061 6683 100
2000 6677 6285 100
2000 9982 4013 100
2000 5092 9549 100
2000 2565 1313 100
2000 7614 5095 100
2000 7445 684 100
2000 2338 3596 100
2000 6150 4633 100
2000 7975 347 100
2000 4012 8306 100
2000 8327 1374 100
2000 3612 1058 100
2000 9771 3001 100
2000 3457 772 100
2000 1378 2400 100
2000 7479 2811 100
2000 5992 3223 100
2000 4420 317 100
2000 8541 2510 100
2000 9725 2634 100
2000 7928 6069 100
2000 5449 8555 100
2000 7995 1330 100
2000 4993 5441 100
2000 8916 3730 100
2000 6298 3215 100
2000 3556 5415 100
2000 1796 1944 100
2000 9743 1621 100
2000 8520 3687 100
2000 8949 2514 100
2000 5530 4455 100
2000 8473 6796 100
2000 6798 94 100
2000 1784 2784 100
2000 8315 959 100
2000 5270 9957 100
2000 5903 7045 100
2000 8294 7591 99
2000 4814 1434 99
2000 738 2987 99
2000 1440 7302 99
2000 4290 1163 99
2000 2844 5887 99
2000 6015 5847 99
2000 1331 4899 99
2000 15 2537 99
2000 565 3843 99
2000 4769 4180 99
2000 5733 6073 99
2000 6868 3756 99
2000 8038 9307 99
2000 9960 2312 98
2000 3703 5126 98
2000 1892 3354 98
2000 1546 5739 98
2000 5286 1025 98
2000 2847 9751 98
2000 7674 901 98
2000 1229 4585 98
2000 2439 9149 98
2000 1694 6189 98
2000 3437 9457 98
2000 8724 3217 98
2000 5667 7687 98
2000 1859 79 98
2000 6954 4265 98
2000 347 4633 98
2000 7757 4599 98
2000 4415 3087 98
2000 6295 8961 98
2000 1949 8129 98
2000 1170 9825 98
2000 8705 8055 98
2000 2478 441 98
2000 9611 6462 98
2000 8296 3116 98
2000 9590 2194 97
2000 2618 3770 97
2000 3723 4633 97
2000 4759 97 97
2000 1196 6983 97
2000 8147 8491 97
2000 7490 3434 97
2000 3277 46 97
2000 6378 6634 97
2000 6759 3212 97
2000 2346 5306 97
2000 4878 7423 97
2000 13 4645 97
2000 5560 2984 97
2000 2162 5823 97
2000 4557 9514 97
2000 6721 4014 97
2000 85 1725 97
2000 195 3457 97
2000 5264 3778 97
2000 2256 8571 97
2000 1267 2794 97
2000 6325 4997 96
2000 5584 9800 96
2000 8700 6995 96
2000 4018 4302 96
2000 143 7141 96
2000 1486 5291 96
2000 582 2181 96
2000 7950 3191 96
2000 3875 894 96
2000 3079 5509 96
2000 2009 4389 96
2000 6890 575 96
2000 662 2607 96
2000 2535 8790 96
2000 1657 4244 96
2000 2056 1815 96
2000 6422 3508 96
2000 4506 3531 96
2000 2308 8131 96
2000 8018 9977 96
2000 1759 6800 96
2000 8008 2848 95
2000 25 7495 95
2000 7722 9115 95
2000 2679 9497 95
2000 5835 521 95
2000 3265 423 95
2000 1668 8375 95
2000 8879 1276 95
2000 3679 8958 95
2000 5569 9492 95
2000 7752 2657 95
2000 5331 6470 95
2000 5267 207 95
2000 8261 6306 95
2000 9858 8103 95
2000 394 1690 95
2000 4138 5184 95
2000 5036 4658 95
2000 5672 6434 95
2000 988 4897 95
2000 7268 9902 95
2000 4149 8881 95
2000 9817 7222 95
2000 817 6875 95
2000 8540 8924 95
2000 5051 8367 95
2000 1761 1162 94
2000 7704 3667 94
2000 5644 7183 94
2000 6184 9253 94
2000 5587 808 94
2000 2268 4773 94
2000 5216 7366 94
2000 5716 4033 94
2000 5253 3241 94
2000 5116 2981 94
2000 5047 1662 94
2000 1763 9229 94
2000 5593 3645 94
2000 5376 2656 94
2000 9019 3013 94
2000 3098 8515 94
2000 2630 884 94
2000 8243 7113 94
2000 5353 4203 94
2000 8664 1610 94
2000 8128 4349 94
2000 1259 7651 94
2000 768 4503 93
2000 4802 9367 93
2000 1525 4602 93
2000 9443 6947 93
2000 4060 9609 93
2000 6382 6013 93
2000 2664 57 93
2000 7080 4853 93
2000 4016 124 93
2000 8433 76 93
2000 9419 3450 93
2000 4304 4178 93
2000 2794 1142 93
2000 7400 3987 93
2000 7605 2385 93
2000 9501 7474 93
2000 4553 2242 93
2000 8055 34 93
2000 3497 3835 93
2000 8509 9301 92
2000 7768 6814 92
2000 4795 8657 92
2000 1094 3851 92
2000 9210 6685 92
2000 991 2656 92
2000 4746 7688 92
2000 9008 7154 92
2000 6664 9919 92
2000 73 3137 92
2000 3587 8414 92
2000 4608 5466 92
2000 4043 655 92
2000 8288 3496 92
2000 4997 3903 92
2000 2105 9881 92
2000 8113 3802 92
2000 6309 4389 92
2000 4754 6339 92
2000 3596 57 92
2000 3575 509 91
2000 4252 4909 91
2000 9002 3382 91
2000 4749 3288 91
2000 6517 3778 91
2000 5891 3708 91
2000 6525 9481 91
2000 869 2311 91
2000 9268 8108 91
2000 6826 4687 91
2000 3482 9764 91
2000 3975 3490 91
2000 4295 6029 91
2000 7748 72 91
2000 5566 6905 91
2000 2547 8512 91
2000 3200 8792 91
2000 6347 118 91
2000 513 7370 91
2000 4502 2560 91
2000 6852 5812 91
2000 7258 5554 91
2000 325 7646 91
2000 8 4095 91
2000 8393 475 89
2000 4341 9277 89
2000 5004 3423 89
2000 2141 7433 89
2000 1441 3153 89
2000 3022 4761 89
2000 2150 6325 89
2000 7703 1971 89
2000 4440 878 89
2000 1944 3992 89
2000 3679 9980 89
2000 4248 3415 89
2000 2270 110 89
3000 6019 7965 110
3000 9308 6101 110
3000 6739 2280 109
3000 2357 2742 109
3000 3873 7833 109
3000 9582 1045 109
3000 3786 2747 109
3000 6735 6984 109
3000 1174 437 108
3000 6840 1136 108
3000 3398 1730 108
3000 5867 1869 108
3000 8220 5489 107
3000 7615 7357 107
3000 9955 5480 107
3000 25 237 106
3000 6832 8557 106
3000 5813 2412 106
3000 1010 1145 105
3000 9660 4502 105
3000 3670 1988 103
3000 3002 3265 103
3000 8532 4667 103
3000 5569 1669 102
3000 7624 7752 102
3000 3918 2354 100
3000 8825 5990 100
3000 9344 4342 100
3000 9948 5039 98
3000 5819 1415 98
3000 7182 2176 97
3000 7672 8168 97
3000 6459 7192 97
3000 2656 3175 97
3000 6481 8499 97
3000 7095 1429 96
3000 8311 5037 96
3000 6389 1042 95
3000 6205 2492 94
3000 9753 5746 94
3000 3628 3128 93
3000 6252 8246 92
3000 3380 3371 92
3000 2501 2122 92
3000 6494 2621 91
3000 2749 1878 91
3000 8499 5874 91
3000 8746 4374 91
3000 7503 8502 89
3000 7373 7122 89
