1 1000
1000 7022 8682 961
1000 2979 5229 951
1000 3629 805 925
1000 1818 8410 853
1000 8398 3347 847
1000 271 1056 815
1000 33 5879 787
1000 9842 6244 774
1000 9685 716 763
1000 3213 3386 731
1000 5424 3543 718
1000 7714 5086 674
1000 1464 4580 574
1000 8930 7668 533
1000 796 3688 495
1000 8584 9639 493
1000 8293 6717 482
1000 7026 2948 472
1000 8625 1951 463
1000 6744 5965 440
1000 1656 1362 431
1000 5819 5649 402
1000 2439 7280 392
1000 10 3177 379
1000 3123 2124 367
1000 3853 6591 341
1000 6279 4425 333
1000 4352 4491 328
1000 8033 1063 304
1000 6727 2120 299
1000 9248 4283 298
1000 9864 4080 289
1000 7533 584 280
1000 4730 6728 268
1000 6665 323 268
1000 2057 6363 267
1000 7269 1236 244
1000 3194 7766 237
1000 2754 9272 232
1000 6085 846 228
1000 9479 3013 225
1000 5755 538 214
1000 1493 7331 208
1000 9461 5140 201
1000 2348 2792 184
1000 696 7033 179
1000 5239 7447 177
1000 7777 2072 165
1000 4771 651 159
1000 8297 8359 151
1000 5673 7772 147
1000 8657 217 145
1000 9643 3356 138
1000 582 2361 134
1000 2003 4117 132
1000 9576 8120 130
1000 6268 3517 125
1000 7116 1818 122
1000 8947 8605 119
1000 8405 611 117
1000 1960 2415 105
1000 6656 4841 105
1000 5617 857 102
1000 2211 3757 100
1000 2281 1133 94
1000 2278 3352 92
1000 7302 27 89
1000 4583 6104 87
1000 1758 6718 84
1000 1175 6452 83
1000 4802 1246 81
1000 5317 6001 79
1000 998 3043 75
1000 9911 7976 72
1000 1677 3771 69
1000 6208 3791 67
1000 4322 7144 63
1000 9448 8520 62
1000 8662 1229 58
1000 4476 1772 58
1000 1318 2771 55
1000 2647 360 52
1000 5822 7309 48
1000 5849 2686 44
1000 6158 7380 43
1000 9351 8067 36
1000 5130 1612 36
1000 6196 6457 35
1000 7322 154 34
1000 3814 2485 27
1000 5833 7025 21
1000 8769 466 19
1000 5946 4092 19
1000 1646 6260 18
1000 7214 3685 16
1000 2468 1983 11
1000 1871 3340 10
1000 5759 215 8
1000 2543 1791 4
1000 3505 7031 2
