2 1000 2000
1000 6493 3521 1093
1000 4279 16556 1093
1000 15544 4189 1093
1000 3887 5597 1093
1000 13597 12685 1090
1000 481 9226 1090
1000 9075 3020 1090
1000 2575 13868 1090
1000 17845 1938 1087
1000 186 15535 1087
1000 7122 16981 1087
1000 7334 389 1087
1000 4731 11711 1070
1000 13184 6210 1070
1000 7496 12296 1070
1000 10664 7239 1070
1000 6405 7244 1069
1000 10833 10868 1069
1000 3902 19411 1069
1000 9118 18525 1069
1000 3873 8288 1063
1000 11699 3529 1063
1000 13645 998 1063
1000 10745 429 1063
1000 8539 8906 1057
1000 772 19147 1057
1000 13711 10017 1057
1000 10095 15766 1057
1000 908 5270 1055
1000 18227 5253 1055
1000 766 1959 1055
1000 17344 7982 1055
1000 11803 18548 1043
1000 17558 10913 1043
1000 4178 799 1043
1000 19976 12280 1043
1000 14102 17484 1022
1000 16068 12865 1022
1000 19308 15189 1022
1000 18362 17803 1022
2000 11682 4178 400
2000 12173 18288 400
2000 3634 18898 400
2000 10286 10916 400
2000 13155 10002 399
2000 17011 10740 399
2000 6701 17349 399
2000 13155 6873 399
2000 15033 3717 399
2000 2066 14288 399
2000 13850 6358 399
2000 17041 8566 399
2000 6865 12396 394
2000 9732 16272 394
2000 8685 19042 394
2000 18161 18310 394
2000 6794 16443 388
2000 14085 12357 388
2000 3165 5666 388
2000 13878 6076 388
2000 18553 5757 384
2000 13095 5514 384
2000 15532 3533 384
2000 10845 991 384
2000 8158 8429 384
2000 11166 877 384
2000 14593 17084 384
2000 11447 11179 384
2000 9775 18660 381
2000 1140 18611 381
2000 3915 7601 381
2000 13244 5549 381
2000 5754 7458 378
2000 8585 8224 378
2000 14178 13100 378
2000 13929 18093 378
2000 10307 16409 378
2000 8197 8418 378
2000 8145 12215 378
2000 16902 10903 378
2000 9469 15584 370
2000 1409 19006 370
2000 7260 17646 370
2000 17645 4855 370
2000 8329 2996 368
2000 8836 17970 368
2000 8421 18657 368
2000 6655 529 368
2000 8420 18581 365
2000 7675 16591 365
2000 18143 10871 365
2000 11931 19232 365
2000 8501 18578 350
2000 12513 6091 350
2000 7666 17469 350
2000 13610 17917 350
2000 15775 3486 348
2000 3404 8812 348
2000 11079 10194 348
2000 14142 18114 348
2000 19087 15803 347
2000 6700 17570 347
2000 13492 17731 347
2000 1116 9547 347
2000 18971 17568 343
2000 18703 18387 343
2000 4261 7670 343
2000 3332 8770 343
2000 6942 7738 335
2000 314 1466 335
2000 6986 6810 335
2000 11229 18143 335
2000 12850 12601 332
2000 3365 6159 332
2000 16036 12203 332
2000 11881 19263 332
2000 13429 1660 329
2000 11395 19085 329
2000 11129 18292 329
2000 12005 2851 329
2000 17646 11605 326
2000 1437 2007 326
2000 3945 6356 326
2000 12493 6445 326
2000 12352 3889 323
2000 15875 4854 323
2000 4339 7714 323
2000 16740 13072 323
2000 16306 4062 322
2000 4149 4867 322
2000 4513 5134 322
2000 12888 12411 322
2000 13138 6961 320
2000 15671 3420 320
2000 18386 17122 320
2000 6369 17171 320
2000 15038 4797 312
2000 11247 18984 312
2000 7540 16335 312
2000 14898 4606 312
2000 9717 18944 308
2000 3135 8355 308
2000 12440 18867 308
2000 17370 7241 308
2000 90 2253 297
2000 6901 16248 297
2000 12936 763 297
2000 17289 7249 297
2000 5994 7860 297
2000 12300 3090 297
2000 3211 8686 297
2000 15737 4942 297
2000 8723 9631 285
2000 19052 17603 285
2000 15763 13536 285
2000 289 19712 285
2000 11419 17946 281
2000 13495 17085 281
2000 7629 16381 281
2000 12928 12215 281
2000 12497 18397 281
2000 9458 19231 281
2000 16765 12623 281
2000 18745 18444 281
2000 14802 4480 280
2000 35 1926 280
2000 9274 19237 280
2000 9825 18217 280
2000 11464 557 279
2000 10656 16316 279
2000 18580 17151 279
2000 17471 11673 279
2000 19533 15892 272
2000 13507 17030 272
2000 11386 6985 272
2000 3981 9063 272
2000 17100 11510 267
2000 10142 11263 267
2000 1109 1305 267
2000 14234 12214 267
2000 14399 845 264
2000 18633 15462 264
2000 1486 19085 264
2000 15347 12629 264
2000 16804 10745 253
2000 11498 11322 253
2000 17673 5794 253
2000 18794 18402 253
2000 14006 10739 252
2000 5890 6638 252
2000 7955 16958 252
2000 3548 4829 252
2000 10053 11071 248
2000 1202 2616 248
2000 18811 17181 248
2000 13810 11896 248
2000 6192 8019 247
2000 12482 18204 247
2000 13958 254 247
2000 14002 16715 247
2000 19939 14770 247
2000 19535 14475 247
2000 18768 15748 247
2000 12205 19218 247
2000 13672 198 245
2000 17614 17664 245
2000 12128 2854 245
2000 8437 8120 245
2000 19086 17943 245
2000 13420 10779 245
2000 10123 10492 245
2000 17778 17338 245
2000 4447 4973 239
2000 14387 10477 239
2000 3752 6438 239
2000 17822 4583 239
2000 11804 19341 239
2000 3085 8042 239
2000 9460 17813 239
2000 14773 4512 239
2000 10197 987 239
2000 13413 234 239
2000 14209 10638 239
2000 18752 4622 239
2000 7622 16292 237
2000 14682 16947 237
2000 12821 5474 237
2000 8881 17753 237
2000 17906 8577 234
2000 13543 13544 234
2000 13381 10756 234
2000 11431 11436 234
2000 7037 7792 234
2000 16351 3971 234
2000 16874 10512 234
2000 108 1519 234
2000 4699 8295 229
2000 13550 173 229
2000 12423 3936 229
2000 16526 13511 229
2000 13603 18102 229
2000 547 1196 229
2000 16787 10704 229
2000 4734 5558 229
2000 10471 10113 228
2000 7389 17769 228
2000 17745 18227 228
2000 3275 7700 228
2000 9915 18372 227
2000 13594 18054 227
2000 9961 397 227
2000 11046 18337 227
2000 2 19263 223
2000 19011 18251 223
2000 17588 17931 223
2000 6204 8070 223
2000 13052 7030 223
2000 7273 16134 223
2000 11552 11276 223
2000 720 19947 223
2000 4583 6114 223
2000 12894 10190 223
2000 9700 19143 223
2000 3218 6120 223
2000 1030 1204 223
2000 16023 3469 223
2000 13498 6995 223
2000 4700 8310 223
2000 10871 10029 220
2000 8723 19269 220
2000 3988 9126 220
2000 978 18362 220
2000 13027 13339 219
2000 19127 17873 219
2000 8903 19345 219
2000 8332 18261 219
2000 653 1148 215
2000 227 2583 215
2000 717 19961 215
2000 12589 18391 215
2000 13468 5400 212
2000 3091 8576 212
2000 13986 6495 212
2000 6323 17278 212
2000 12762 12401 210
2000 15898 12088 210
2000 402 1232 210
2000 238 19750 210
2000 13971 6567 207
2000 18239 11388 207
2000 12027 4309 207
2000 4416 6312 207
2000 1458 1501 201
2000 4440 4894 201
2000 14234 10695 201
2000 9974 10868 201
2000 7998 16879 200
2000 14365 13089 200
2000 9997 10673 200
2000 6689 11996 200
2000 11445 889 198
2000 14349 12214 198
2000 9921 18807 198
2000 13204 1737 198
2000 11523 104 196
2000 14034 6412 196
2000 8530 17901 196
2000 9926 18275 196
2000 15403 12382 195
2000 10686 10013 195
2000 9965 757 195
2000 16231 3628 195
2000 19180 17703 190
2000 11480 7533 190
2000 11539 7165 190
2000 13719 1850 190
2000 3260 8913 190
2000 18358 10746 190
2000 17545 17753 190
2000 8618 19234 190
2000 19114 17527 185
2000 818 19967 185
2000 9918 176 185
2000 14434 10491 185
2000 12644 18619 183
2000 19011 17283 183
2000 16794 11307 183
2000 19135 18102 183
2000 18368 16977 175
2000 213 1305 175
2000 19469 15986 175
2000 3292 6288 175
2000 9259 8398 173
2000 12870 1423 173
2000 18525 4422 173
2000 540 2799 173
2000 495 19978 168
2000 11515 75 168
2000 7289 7405 168
2000 1634 1916 168
2000 16450 4085 167
2000 18420 10823 167
2000 11282 19218 167
2000 11171 1210 167
2000 1541 1621 161
2000 18465 15359 161
2000 13950 10875 161
2000 19120 15993 161
2000 19187 18059 158
2000 695 18286 158
2000 4751 5259 158
2000 1311 19825 158
2000 9312 15316 154
2000 18405 4370 154
2000 18924 14412 154
2000 1572 1553 154
2000 18244 4350 150
2000 11295 17821 150
2000 10311 1199 150
2000 19190 17861 150
2000 10126 16674 148
2000 12842 572 148
2000 10748 16396 148
2000 5844 6518 148
2000 11559 10301 148
2000 19356 16044 148
2000 8443 9806 148
2000 18118 4354 148
2000 699 1059 145
2000 749 18281 145
2000 17871 7243 145
2000 11629 213 145
2000 11499 923 143
2000 2946 5694 143
2000 15187 3310 143
2000 10946 3007 143
2000 6259 8156 142
2000 14703 4635 142
2000 18447 6130 142
2000 11716 19431 142
2000 12458 17926 140
2000 11197 4291 140
2000 1517 2472 140
2000 248 2674 140
2000 514 18303 139
2000 6290 17433 139
2000 10946 18741 139
2000 10262 1195 139
2000 18343 18675 138
2000 11615 182 138
2000 10581 6313 138
2000 8250 18792 138
2000 16835 12424 129
2000 9881 82 129
2000 11326 19291 129
2000 18862 5895 129
2000 9784 17882 125
2000 6341 17532 125
2000 8038 8126 125
2000 16014 3349 125
2000 19256 17765 119
2000 19201 17515 119
2000 102 19749 119
2000 13095 265 119
2000 13502 77 118
2000 12909 7112 118
2000 954 2845 118
2000 14532 12954 118
2000 1336 1257 116
2000 19018 18419 116
2000 486 18273 116
2000 11062 19100 116
2000 10975 18932 116
2000 12285 19338 116
2000 12903 446 116
2000 19964 14576 116
2000 8845 17613 115
2000 225 1206 115
2000 18716 6054 115
2000 19603 16015 115
2000 19050 4801 114
2000 18002 4350 114
2000 12839 543 114
2000 406 19984 114
2000 19088 17242 106
2000 10057 18505 106
2000 9408 19437 106
2000 135 2624 106
2000 1682 19275 106
2000 148 2679 106
2000 1449 19762 106
2000 11180 19232 106
2000 18473 15520 106
2000 12732 1196 106
2000 11678 506 106
2000 19565 16035 106
2000 92 19779 104
2000 17 19693 104
2000 17280 5287 104
2000 9858 164 104
