3 1000 2000 3000
1000 3486 7651 1089
1000 9069 396 1089
1000 13925 810 1089
1000 11848 17728 1089
1000 15977 4998 1086
1000 3210 15834 1086
1000 4625 4156 1086
1000 13710 9747 1086
1000 9197 15180 1079
1000 3316 12131 1079
1000 6255 14469 1079
1000 8207 4639 1079
1000 19260 3213 1073
1000 10830 9977 1073
1000 11710 4516 1073
1000 7459 17082 1073
1000 9498 19931 1062
1000 97 12496 1062
1000 8094 9491 1062
1000 2743 19605 1062
1000 17419 10026 1055
1000 13112 19921 1055
1000 17895 13073 1055
1000 18699 16307 1055
1000 13878 16224 1018
1000 10676 2265 1018
1000 1585 3841 1018
1000 12570 7460 1018
1000 1324 1115 956
1000 19130 322 956
1000 15324 12839 956
1000 16652 2010 956
1000 6275 19751 939
1000 645 6719 939
1000 9924 12609 939
1000 19582 5973 939
1000 5917 7219 938
1000 16330 15346 938
1000 397 18321 938
1000 12899 13886 938
2000 7723 2658 110
2000 1089 8437 110
2000 1255 9290 110
2000 4494 1600 110
2000 12448 612 110
2000 15440 10187 110
2000 5547 10096 110
2000 5616 533 110
2000 212 4228 110
2000 1500 13784 110
2000 12123 12980 110
2000 17185 17108 110
2000 18793 1833 110
2000 18979 8247 110
2000 19801 14748 110
2000 7699 654 110
2000 19210 9983 110
2000 4303 14416 110
2000 18277 4056 110
2000 4818 2778 110
2000 16188 10955 110
2000 14077 7244 110
2000 9477 6112 110
2000 7516 18816 110
2000 5069 13530 110
2000 16734 19963 110
2000 5897 16750 110
2000 11506 5909 110
2000 10346 16644 109
2000 7124 12595 109
2000 15341 19338 109
2000 8512 18736 109
2000 755 14743 109
2000 18786 19585 109
2000 16887 17618 109
2000 18714 4966 109
2000 9008 11345 109
2000 10731 14135 109
2000 6468 11573 109
2000 13401 5770 109
2000 1566 17652 109
2000 3224 10274 109
2000 18770 14387 109
2000 8719 13828 109
2000 8824 6987 109
2000 19629 13829 109
2000 14245 4925 109
2000 3516 13617 109
2000 4766 17689 109
2000 15655 17636 109
2000 19667 19377 109
2000 14895 2987 109
2000 194 584 109
2000 14202 12518 109
2000 1318 8807 109
2000 15767 16701 109
2000 8275 13122 109
2000 6681 11152 109
2000 10516 3847 109
2000 11607 8220 109
2000 140 19918 109
2000 8815 12111 109
2000 15238 8636 109
2000 2440 9276 109
2000 5972 6006 109
2000 13222 18115 109
2000 17912 1325 109
2000 12030 10676 109
2000 14695 5576 109
2000 4596 458 109
2000 14828 19589 109
2000 17749 7160 109
2000 16488 11943 108
2000 2647 17151 108
2000 418 16578 108
2000 18662 19949 108
2000 3992 5294 108
2000 4793 11152 108
2000 6834 5660 108
2000 3528 2323 108
2000 5204 10408 108
2000 5337 12016 108
2000 16403 378 108
2000 6644 12892 108
2000 7630 5809 108
2000 17869 543 108
2000 7157 8187 108
2000 3382 14196 108
2000 11745 14728 108
2000 4594 9768 108
2000 9250 7495 108
2000 3118 4885 108
2000 6794 12349 108
2000 1828 14063 108
2000 4089 2222 108
2000 7365 15402 108
2000 2269 13200 108
2000 4594 8636 108
2000 15814 17070 108
2000 3129 2578 108
2000 17506 883 108
2000 15333 7675 108
2000 5575 13035 108
2000 10931 7486 108
2000 9598 7291 108
2000 4178 643 108
2000 4466 8961 108
2000 19404 19098 108
2000 18059 11454 108
2000 1563 14749 108
2000 9147 1938 108
2000 13871 3079 108
2000 3696 5994 108
2000 19973 7189 108
2000 7635 1623 108
2000 13761 12427 108
2000 9419 8495 108
2000 10920 14802 108
2000 5364 16094 108
2000 15821 18858 108
2000 1325 17013 108
2000 4243 19378 108
2000 16103 966 108
2000 1901 12712 108
2000 6802 2662 108
2000 451 16910 108
2000 11709 12376 108
2000 15189 2240 108
2000 4252 18501 108
2000 16926 11583 108
2000 3286 3952 108
2000 12295 16167 108
2000 10047 17120 108
2000 3474 17269 108
2000 4523 11420 108
2000 16831 639 108
2000 7128 3650 108
2000 10919 13411 108
2000 5848 3685 108
2000 17911 4217 108
2000 6172 11085 108
2000 17390 5945 108
2000 11183 493 108
2000 10490 15237 108
2000 10633 8275 108
2000 8980 10601 108
2000 13595 18312 108
2000 16002 11533 108
2000 5731 5422 107
2000 2671 14354 107
2000 14261 8240 107
2000 15972 8095 107
2000 1617 16715 107
2000 17239 17454 107
2000 17460 4484 107
2000 16854 18030 107
2000 16036 18584 107
2000 18260 7041 107
2000 1152 11200 107
2000 16067 10643 107
2000 17171 961 107
2000 15574 19642 107
2000 4677 6677 107
2000 4249 17942 107
2000 6895 13339 107
2000 7790 18444 107
2000 15594 18079 107
2000 19961 8202 107
2000 9034 5683 107
2000 5508 2206 107
2000 3603 9720 107
2000 7817 1013 107
2000 4674 13601 107
2000 17290 8586 107
2000 10171 18058 107
2000 5029 1007 107
2000 16393 7606 107
2000 1628 17288 107
2000 14841 11184 107
2000 1970 10460 107
2000 5405 16492 107
2000 19994 13719 107
2000 15262 1355 107
2000 8068 15857 107
2000 18706 10670 107
2000 17871 5559 107
2000 16504 840 107
2000 5979 5180 107
2000 7662 19609 107
2000 18915 12241 107
2000 19222 7485 107
2000 4328 6539 107
2000 722 2350 107
2000 1715 10062 107
2000 13318 11030 107
2000 17342 18730 107
2000 4160 14888 107
2000 19407 11909 107
2000 16370 13881 107
2000 551 4663 107
2000 14984 10716 107
2000 15218 11293 107
2000 8895 17309 107
2000 4772 14741 107
2000 18493 18298 107
2000 14968 8992 107
2000 19495 18642 107
2000 6081 9709 107
2000 2533 1196 107
2000 18833 19191 107
2000 5173 18828 107
2000 2902 1120 107
2000 5341 6163 107
2000 6711 548 107
2000 18310 19675 107
2000 16438 16639 107
2000 8329 3115 106
2000 6927 167 106
2000 7101 10421 106
2000 12981 3678 106
2000 259 19582 106
2000 11803 951 106
2000 1573 10652 106
2000 5994 2884 106
2000 8571 13026 106
2000 9590 11435 106
2000 8006 11452 106
2000 1353 15335 106
2000 3645 331 106
2000 17545 15393 106
2000 6156 3578 106
2000 4091 5662 106
2000 6778 8965 106
2000 18427 11767 106
2000 17473 3032 106
2000 2065 8798 106
2000 10870 19694 106
2000 10327 17655 106
2000 4190 1348 106
2000 7049 11050 106
2000 14984 1849 106
2000 7998 11882 106
2000 11526 12918 106
2000 1886 11111 106
2000 15019 8229 106
2000 18896 7838 106
2000 14926 2492 106
2000 10139 8894 106
2000 10912 16721 106
2000 14223 5376 106
2000 17512 7885 106
2000 17445 4105 106
2000 5515 10488 106
2000 18080 6362 106
2000 11365 6470 106
2000 15487 19971 106
2000 4325 10380 106
2000 16986 18734 106
2000 1360 18983 106
2000 7291 1341 106
2000 8826 18017 106
2000 68 17230 106
2000 2434 5860 106
2000 16881 12294 106
2000 9695 8297 106
2000 7251 7370 106
2000 130 15644 106
2000 19600 19811 106
2000 3423 17701 106
2000 3034 14103 106
2000 5273 18342 106
2000 9664 17361 106
2000 14577 11899 106
2000 15421 938 106
2000 6449 9653 106
2000 18216 4878 106
2000 7987 6595 106
2000 11720 19615 106
2000 15978 3513 106
2000 17002 16572 106
2000 5164 17620 106
2000 19356 1521 106
2000 14940 14497 106
2000 15261 17641 106
2000 10780 6727 106
2000 4956 19096 106
2000 15095 6674 106
2000 10795 8557 106
2000 537 14146 105
2000 6774 3556 105
2000 5997 10481 105
2000 17063 3829 105
2000 19704 8996 105
2000 1697 11906 105
2000 8372 19091 105
2000 4850 16842 105
2000 17879 2134 105
2000 5075 2395 105
2000 846 17236 105
2000 14688 2695 105
2000 2087 2576 105
2000 16635 19031 105
2000 14280 4420 105
2000 12555 15632 105
2000 2812 13396 105
2000 10696 18672 105
2000 4470 13091 105
2000 17833 94 105
2000 2232 4872 105
2000 90 1447 105
2000 4809 1296 105
2000 16040 19597 105
2000 19078 18947 105
2000 9225 10941 105
2000 10509 5966 105
2000 191 8372 105
2000 19438 1835 105
2000 10398 7389 105
2000 6073 11967 105
2000 15507 361 105
2000 8851 8454 105
2000 3154 1634 105
2000 13353 12410 105
2000 3731 2943 105
2000 11799 502 105
2000 17676 17385 105
2000 15161 3976 105
2000 11795 3058 105
2000 9536 9268 105
2000 13651 3747 105
2000 12126 11236 105
2000 10689 19109 105
2000 12073 9027 105
2000 3481 18332 105
2000 5649 16956 105
2000 220 7931 105
2000 484 15384 105
2000 17653 19972 105
2000 13390 4462 105
2000 11263 15274 105
2000 34 9877 105
2000 13984 18120 105
2000 19933 9976 105
2000 5986 10052 105
2000 4053 5973 105
2000 8390 6861 105
2000 6747 8102 105
2000 11764 15145 105
2000 4375 16961 105
2000 3068 4337 105
2000 14784 18420 105
2000 14001 11868 105
2000 7916 14888 104
2000 15697 10584 104
2000 1468 19776 104
2000 6574 4026 104
2000 8761 11646 104
2000 5036 1702 104
2000 8397 18228 104
2000 9407 18489 104
2000 2442 5229 104
2000 12557 12332 104
2000 5865 11185 104
2000 13284 5092 104
2000 15080 19072 104
2000 4197 14093 104
2000 2217 8047 104
2000 430 2958 104
2000 19185 8586 104
2000 14435 3850 104
2000 15059 6992 104
2000 7643 7913 104
2000 5027 8485 104
2000 311 9079 104
2000 19433 11554 104
2000 15654 646 104
2000 10550 17195 104
2000 2858 9960 104
2000 12348 5793 104
2000 10840 15746 104
2000 5722 2454 104
2000 17133 19231 104
2000 11198 14267 104
2000 16207 3242 104
2000 15323 63 104
2000 7495 2376 104
2000 3048 9126 104
2000 19788 7831 104
2000 14256 11326 104
2000 11816 1515 104
2000 7614 12289 104
2000 10305 8461 104
2000 18481 1458 104
2000 14368 14922 104
2000 5731 9807 104
2000 19207 7148 104
2000 14973 19925 104
2000 2187 11327 104
2000 3851 1694 104
2000 11020 5916 104
2000 5486 18695 104
2000 16966 6409 104
2000 13293 17791 104
2000 6284 2293 104
2000 2326 10441 104
2000 7930 2955 104
2000 5786 16303 104
2000 13377 18569 104
2000 8481 2464 104
2000 12108 3063 104
2000 14253 6493 104
2000 15030 17235 104
2000 5892 4531 104
2000 17306 11704 104
2000 12305 947 104
2000 18359 14642 104
2000 6161 4013 104
2000 2958 3892 104
2000 11173 19323 104
2000 15343 3554 104
2000 13877 4461 104
2000 18068 3672 104
2000 7206 5990 104
2000 11135 12551 104
2000 241 10572 104
2000 5671 9421 104
2000 7980 14465 104
2000 19149 13023 104
2000 12408 2885 103
2000 15388 16329 103
2000 16504 13016 103
2000 18905 14067 103
2000 11608 13655 103
2000 18404 5819 103
2000 13955 4155 103
2000 5136 9631 103
2000 4989 8012 103
2000 6796 10794 103
2000 216 271 103
2000 33 2616 103
2000 7567 3305 103
2000 15287 18595 103
2000 3558 10878 103
2000 1400 12987 103
2000 19579 7435 103
2000 6246 9324 103
2000 15719 8939 103
2000 998 7934 103
2000 10916 6350 103
2000 16559 12280 103
2000 18195 7488 103
2000 14411 8552 103
2000 15986 10062 103
2000 911 14461 103
2000 19840 10331 103
2000 15610 6988 103
2000 17787 5901 103
2000 12733 2090 103
2000 17998 17980 103
2000 12870 1721 103
2000 747 10329 103
2000 2678 3032 103
2000 2002 5219 103
2000 3920 9108 103
2000 2226 8529 103
2000 11797 8834 103
2000 7831 13693 103
2000 5857 8796 103
2000 12918 5100 103
2000 1546 11576 103
2000 14939 17825 103
2000 2639 1621 103
2000 280 4963 103
2000 7459 11324 103
2000 14836 13901 103
2000 14548 7211 103
2000 6465 1371 103
2000 2553 9894 103
2000 194 15010 103
2000 17541 18108 103
2000 12036 15450 103
2000 19745 11784 103
2000 13403 6292 103
2000 2311 2177 103
2000 11263 6906 103
2000 11500 19195 103
2000 487 9328 103
2000 10337 5449 103
2000 4714 6256 103
2000 6498 15837 103
2000 1372 16059 103
2000 13867 18581 103
2000 5171 12328 103
2000 7407 886 103
2000 11815 11326 103
2000 5010 12060 103
2000 19009 18457 103
2000 13915 5020 103
2000 18187 15028 103
2000 13940 6467 103
2000 17983 7959 103
2000 12553 10301 103
2000 14229 18514 103
2000 6283 16198 103
2000 13414 2442 103
2000 14698 6377 103
2000 4512 18758 103
2000 17257 7711 103
2000 8978 8141 103
2000 814 16513 103
2000 6538 5345 103
2000 15148 9796 103
2000 7232 6921 103
2000 7543 196 103
2000 15274 6287 103
2000 2789 5962 103
2000 17065 5747 102
2000 3235 124 102
2000 4567 15306 102
2000 9839 4149 102
2000 12954 10784 102
2000 612 10852 102
2000 19770 11312 102
2000 3086 571 102
2000 2686 10933 102
2000 193 3472 102
2000 8131 19308 102
2000 2666 5444 102
2000 10953 8275 102
2000 2252 18114 102
2000 10917 11950 102
2000 8823 1737 102
2000 2768 4449 102
2000 7379 5612 102
2000 9671 6754 102
2000 19988 15382 102
2000 4796 5961 102
2000 2075 7719 102
2000 16220 6348 102
2000 13707 5516 102
2000 12468 47 102
2000 6594 3030 102
2000 9287 10544 102
2000 4224 17496 102
2000 15713 6349 102
2000 17787 2707 102
2000 17789 5234 102
2000 6757 4989 102
2000 2380 11055 102
2000 2547 6218 102
2000 4954 6501 102
2000 5607 5914 102
2000 17373 7058 102
2000 15015 18152 102
2000 13861 7636 102
2000 11164 11312 102
2000 5092 13921 102
2000 7322 12079 102
2000 5469 17289 102
2000 10405 5109 102
2000 11903 1926 102
2000 19192 11113 102
2000 9283 7051 102
2000 8370 13440 102
2000 9430 3405 102
2000 11283 13934 102
2000 13543 2938 102
2000 4781 8971 102
2000 18392 1770 102
2000 13013 12193 102
2000 2788 1942 102
2000 14177 19035 102
2000 5908 13193 102
2000 10423 4158 102
2000 12194 1401 102
2000 2040 16950 102
2000 9505 1860 102
2000 12745 1363 102
2000 4996 10703 102
2000 16737 7839 102
2000 7268 2728 102
2000 9957 16488 102
2000 11668 14202 102
2000 4505 15642 102
2000 9098 7850 102
2000 15396 9143 102
2000 1982 18232 102
2000 17152 6659 102
2000 16573 18579 102
2000 3259 3449 102
2000 3961 341 102
2000 7860 12653 102
2000 9400 9668 102
2000 8310 7426 102
2000 11851 16347 102
2000 1038 10821 102
2000 5092 544 102
2000 9822 5629 102
2000 11132 1042 102
2000 4645 9420 102
2000 12614 12692 102
2000 19377 13566 102
2000 12111 15828 102
2000 7703 11787 102
2000 14592 10976 102
2000 1552 6003 102
2000 8773 6193 102
2000 14497 5111 102
2000 19443 18063 100
2000 18564 9155 100
2000 11631 11765 100
2000 16427 11645 100
2000 14282 2322 100
2000 5679 2858 100
2000 14356 6905 100
2000 14921 7777 100
2000 11893 2375 100
2000 9838 10839 100
2000 10285 18343 100
2000 10046 6381 100
2000 4509 2377 100
2000 4171 2786 100
2000 6392 8491 100
2000 7478 13467 100
2000 552 9680 100
2000 4130 13484 100
2000 16113 8785 100
2000 13478 15021 100
2000 1739 15495 100
2000 9119 3117 100
2000 6523 4349 100
2000 11560 14492 100
2000 8290 12655 100
2000 134 13807 100
2000 19008 10437 100
2000 4694 17321 100
2000 3449 5726 100
2000 7004 18277 100
2000 1139 13884 100
2000 11199 13602 100
2000 3850 17774 100
2000 3294 2054 100
2000 8184 19941 100
2000 3915 13804 100
2000 9585 4596 100
2000 12871 11332 100
2000 11192 13161 100
2000 7070 8512 100
2000 3962 14401 100
2000 14528 3324 100
2000 16145 16856 100
2000 6285 18505 100
2000 15748 3298 100
2000 1109 15032 100
2000 9319 18026 100
2000 7266 3309 100
2000 9134 6478 100
2000 18470 8353 100
2000 14176 17703 100
2000 17715 3463 100
2000 17317 15965 100
2000 6275 12906 100
2000 3322 878 100
2000 11593 13275 100
2000 8094 18871 100
2000 9715 5016 100
2000 4448 778 100
2000 11787 6219 100
2000 5539 971 100
2000 10242 4452 100
2000 9537 10015 100
2000 15228 15850 100
2000 7746 15723 100
2000 2774 2554 100
2000 693 15992 100
2000 4462 16437 100
2000 2520 176 100
2000 4744 14249 100
2000 19174 17747 100
2000 16732 293 100
2000 16094 17877 100
2000 9860 7523 100
2000 5384 2563 100
2000 15622 2629 100
2000 18506 7597 100
2000 18619 4388 100
2000 13912 13280 100
2000 17633 19136 100
2000 1279 16472 100
2000 17663 7587 100
2000 5730 12577 100
2000 9338 3998 100
2000 16482 17689 100
2000 19690 9594 100
2000 1330 5809 100
2000 14568 19960 100
2000 11809 5838 100
2000 11851 19246 100
2000 13591 11309 100
2000 18768 9716 100
2000 13364 17432 100
2000 15077 10429 100
2000 3635 5002 100
2000 849 15395 100
2000 18459 6820 100
2000 5585 12313 100
2000 5180 8871 100
2000 19876 12891 100
2000 4979 19515 100
2000 9746 6380 100
2000 3272 14503 100
2000 13051 2830 100
2000 7029 7614 100
2000 610 9054 100
2000 9733 3718 100
2000 8637 1965 100
2000 8402 14127 100
2000 16926 8562 100
2000 4336 1061 100
2000 18742 17634 100
2000 12504 11895 100
2000 7256 108 100
2000 10019 7025 100
2000 6410 8997 100
2000 5083 15727 100
2000 4325 11089 100
2000 5849 18490 100
2000 15515 17297 100
2000 10352 6596 100
2000 6583 1749 100
2000 871 16856 100
2000 15402 2929 100
2000 2233 299 100
2000 10418 536 100
2000 6477 10801 100
2000 8734 17624 100
2000 7996 14126 100
2000 6043 12454 100
2000 18704 18736 100
2000 6097 8611 100
2000 11465 14852 100
2000 5860 832 100
2000 589 5137 100
2000 8539 6564 100
2000 18451 8004 100
2000 3847 10679 100
2000 3853 12 100
2000 19822 8691 100
2000 4636 18177 100
2000 7667 6353 100
2000 9327 17245 100
2000 12327 11481 100
2000 5140 10971 100
2000 2947 3379 100
2000 10644 14446 100
2000 11415 16408 100
2000 15837 19317 100
2000 6936 1063 100
2000 19076 1724 100
2000 9114 18567 100
2000 4901 12749 100
2000 6695 2117 100
2000 15337 14148 100
2000 785 15079 100
2000 728 5431 100
2000 16172 8477 100
2000 2738 410 100
2000 19845 13386 100
2000 1200 2389 100
2000 2019 12291 100
2000 19469 17460 100
2000 13888 2197 100
2000 5025 9339 100
2000 2960 9420 100
2000 16242 19903 100
2000 14282 18146 100
2000 9073 6020 99
2000 310 3848 99
2000 61 10996 99
2000 13754 12983 99
2000 14413 14438 99
2000 5330 15388 99
2000 6242 4511 99
2000 15292 16897 99
2000 17284 16279 99
2000 6074 4820 99
2000 1565 5368 99
2000 17290 17851 99
2000 5941 17536 99
2000 6238 268 99
2000 3680 10172 99
2000 16485 3442 99
2000 9571 13688 99
2000 10815 949 99
2000 6951 15640 99
2000 5819 11750 99
2000 482 8768 99
2000 17652 11404 99
2000 16923 7359 99
2000 19370 19398 99
2000 4571 16711 99
2000 8044 2185 99
2000 19743 12081 99
2000 5277 1518 99
2000 6231 1182 99
2000 1599 16379 99
2000 19374 9629 99
2000 3177 5551 99
2000 16581 8198 99
2000 17089 8141 99
2000 814 11183 99
2000 2146 5525 99
2000 16128 9351 99
2000 7531 19279 99
2000 12680 261 99
2000 17640 349 99
2000 19585 15077 99
2000 1339 10353 99
2000 10084 13751 99
2000 11645 226 99
2000 4199 19819 99
2000 7416 12887 99
2000 11462 782 99
2000 19913 1930 99
2000 14418 17408 99
2000 4143 10074 99
2000 12925 6182 99
2000 9461 3108 99
2000 6616 10153 99
2000 12455 15221 99
2000 13124 2155 99
2000 14293 13498 99
2000 9027 17026 98
2000 15360 8047 98
2000 15740 10233 98
2000 14950 3279 98
2000 9514 10302 98
2000 2428 14603 98
2000 8017 13340 98
2000 19420 10397 98
2000 12631 11015 98
2000 10348 16267 98
2000 2009 15375 98
2000 18806 11260 98
2000 16728 16948 98
2000 10971 13872 98
2000 1375 10053 98
2000 8332 12033 98
2000 10705 144 98
2000 7263 18570 98
2000 9835 3135 98
2000 14637 4517 98
2000 185 3171 98
2000 2361 13993 98
2000 19813 18637 98
2000 3148 17186 98
2000 11090 8717 98
2000 8658 8228 98
2000 5847 1530 98
2000 7840 19122 98
2000 19858 1474 98
2000 17778 8384 98
2000 8820 3133 98
2000 18751 10980 98
2000 279 10192 98
2000 16616 3884 98
2000 3967 9452 98
2000 13353 12114 98
2000 9430 16480 98
2000 9794 17840 98
2000 447 3329 98
2000 16232 18935 98
2000 1040 5430 98
2000 6014 15894 98
2000 12820 5547 98
2000 14160 14018 98
2000 19060 14562 98
2000 14731 4124 98
2000 1504 8408 98
2000 10786 662 98
2000 6814 4414 98
2000 9748 8964 98
2000 11115 16413 98
2000 2160 10044 98
2000 12663 5807 98
2000 19046 4582 98
2000 6513 12095 98
2000 1128 14663 98
2000 15942 18174 98
2000 19961 16964 98
2000 18368 17915 98
2000 5635 3195 98
2000 6438 900 98
2000 13632 17634 98
2000 14805 14804 98
2000 7468 10815 98
2000 5557 18056 98
2000 19893 17345 98
2000 4886 5652 98
2000 11425 22 98
2000 7103 18875 98
2000 4509 62 98
2000 15266 14920 98
2000 11055 12855 98
2000 10459 3532 98
2000 9983 8238 98
2000 3588 3381 98
2000 55 9245 98
2000 17936 19771 98
2000 13948 17514 98
2000 19041 11763 98
2000 15455 9862 98
2000 53 4511 98
2000 2568 838 98
2000 16780 19340 98
2000 11398 11592 98
2000 11162 18822 98
2000 12985 4592 98
2000 4555 10688 98
2000 3841 851 98
2000 2992 2973 98
2000 15740 9844 98
2000 18605 5365 98
2000 15812 14005 98
2000 4111 19103 98
2000 11781 15826 98
2000 1666 15962 98
2000 16580 17212 98
2000 16380 19333 98
2000 8419 11270 98
2000 2753 9141 98
2000 12247 9373 98
2000 4624 10168 97
2000 18770 18129 97
2000 10061 14169 97
2000 12359 9990 97
2000 18135 4573 97
2000 388 14703 97
2000 16803 14085 97
2000 7001 2941 97
2000 9969 6091 97
2000 7019 6302 97
2000 5910 12870 97
2000 1773 6597 97
2000 414 2621 97
2000 5314 19133 97
2000 10937 7814 97
2000 7452 14927 97
2000 18707 8860 97
2000 5926 11471 97
2000 15162 15440 97
2000 18299 18986 97
2000 15655 10897 97
2000 10601 11535 97
2000 954 8919 97
2000 3931 16988 97
2000 17689 14503 97
2000 887 16205 97
2000 813 13911 97
2000 7972 6071 97
2000 7480 19938 97
2000 1798 13769 97
2000 15763 9354 97
2000 18214 5298 97
2000 7240 13175 97
2000 6744 9883 97
2000 908 19842 97
2000 16987 7020 97
2000 10504 14821 97
2000 12676 16438 97
2000 19818 9273 97
2000 11253 11993 97
2000 7132 1679 97
2000 13162 15050 97
2000 19863 12384 97
2000 9239 8961 97
2000 5292 9926 97
2000 19759 17641 97
2000 13905 8085 97
2000 9446 5173 97
2000 3058 17513 97
2000 17749 6781 97
2000 19868 19691 97
2000 14052 5951 97
2000 17259 227 97
2000 18402 6373 97
2000 13940 6799 97
2000 17768 18465 97
2000 15697 8548 97
2000 2390 2685 97
2000 5230 1962 97
2000 15614 7286 97
2000 3539 10433 97
2000 12261 2389 97
2000 924 15786 97
2000 11491 15623 97
2000 7651 14271 97
2000 1277 19441 97
2000 12216 6199 97
2000 19809 10672 97
2000 9517 7915 97
2000 18965 9299 97
2000 1948 13157 97
2000 10596 6968 97
2000 14578 8067 97
2000 14336 2693 97
2000 15131 19544 97
2000 6506 12624 97
2000 16976 11969 97
2000 1602 12338 97
2000 2227 17279 97
2000 6337 10055 97
2000 4534 11773 97
2000 5118 16657 97
2000 2082 17816 97
2000 7528 6988 97
2000 6047 17940 97
2000 17374 6402 97
2000 3335 9503 97
2000 19122 8961 97
2000 8782 11023 96
2000 6994 11498 96
2000 2335 18391 96
2000 2987 6411 96
2000 14298 7491 96
2000 17806 19448 96
2000 9857 11254 96
2000 1388 11897 96
2000 18327 8840 96
2000 1900 14671 96
2000 13669 14742 96
2000 9076 13846 96
2000 12391 3420 96
2000 7045 7152 96
2000 4684 12302 96
2000 3316 2893 96
2000 669 19605 96
2000 6861 9256 96
2000 304 14348 96
2000 19558 4554 96
2000 2719 17592 96
2000 17238 18452 96
2000 1608 2307 96
2000 700 8457 96
2000 19823 4695 96
2000 17649 11796 96
2000 12992 18335 96
2000 13480 2147 96
2000 150 16097 96
2000 19999 19175 96
2000 5299 12623 96
2000 7351 6496 96
2000 17426 19624 96
2000 17836 4872 96
2000 19463 14368 96
2000 17385 5035 96
2000 10797 15413 96
2000 6318 5071 96
2000 7 1135 96
2000 1271 8038 96
2000 1574 9561 96
2000 16054 17430 96
2000 2705 6537 96
2000 8666 13469 96
2000 4493 12609 96
2000 102 8869 96
2000 15620 7844 96
2000 17498 8207 96
2000 6496 18225 96
2000 10377 14274 96
2000 601 13722 96
2000 222 5474 96
2000 8311 10755 96
2000 5057 18018 96
2000 3202 9875 96
2000 965 9561 96
2000 2174 6099 96
2000 12932 4055 96
2000 873 10062 96
2000 18736 7378 96
2000 487 5591 96
2000 14644 17717 96
2000 2123 14976 96
2000 8828 13184 96
2000 18246 11140 96
2000 19498 8789 96
2000 3163 1329 96
2000 4613 19163 96
2000 18061 14443 96
2000 16630 12637 96
2000 18110 1599 96
2000 2889 18117 96
2000 10548 6364 96
2000 14426 19548 96
2000 5356 11444 96
2000 6494 5805 96
2000 9714 13946 96
2000 10550 15852 96
2000 8092 10996 96
2000 18072 8286 96
2000 14538 6043 96
2000 16827 6772 96
2000 9430 2162 96
2000 15995 7609 96
2000 11874 12647 95
2000 18846 7082 95
2000 8517 2868 95
2000 4843 15041 95
2000 14437 13895 95
2000 11727 8556 95
2000 19116 13685 95
2000 16417 7049 95
2000 7718 1953 95
2000 6119 17126 95
2000 8607 7544 95
2000 307 1897 95
2000 14661 18780 95
2000 11967 11722 95
2000 9375 16938 95
2000 1727 7076 95
2000 1204 13332 95
2000 3718 2072 95
2000 11854 9237 95
2000 8313 1693 95
2000 9093 2446 95
2000 15790 14335 95
2000 10039 8616 95
2000 5215 5873 95
2000 14 1771 95
2000 8922 16532 95
2000 19497 12561 95
2000 12244 16506 95
2000 19947 17985 95
2000 9581 11072 95
2000 4599 5470 95
2000 4128 6282 95
2000 3033 17876 95
2000 13135 2549 95
2000 13352 3373 95
2000 12304 12709 95
2000 6646 10496 95
2000 8218 7703 95
2000 6261 2603 95
2000 12674 3403 95
2000 13899 11398 95
2000 15131 11688 95
2000 5527 1740 95
2000 11055 5609 95
2000 14870 15214 95
2000 13532 6604 95
2000 12543 6236 95
2000 14148 3845 95
2000 12137 534 95
2000 16997 19624 95
2000 4295 9732 95
2000 9381 2610 95
2000 9188 17638 95
2000 1299 15714 95
2000 2633 17998 95
2000 16165 97 95
2000 11643 10975 95
2000 15946 347 95
2000 8076 2498 95
2000 10108 3722 95
2000 2683 13740 95
2000 12194 2679 95
2000 8652 12735 95
2000 11863 19952 95
2000 15511 6679 95
2000 15614 11257 95
2000 3138 5257 95
2000 6298 1768 95
2000 5738 1253 95
2000 10027 18675 95
2000 3411 574 95
2000 12829 8736 95
2000 4695 19767 95
2000 1913 29 95
2000 9791 7806 95
2000 3492 9084 95
2000 10045 3429 95
2000 17199 3439 95
2000 57 16515 95
2000 19112 18057 95
2000 3478 1326 95
2000 14483 19103 95
2000 3267 6072 95
2000 12475 1500 95
2000 8122 1912 95
2000 3764 6330 95
2000 17415 551 95
2000 8499 3379 95
2000 402 2281 95
2000 13440 11577 95
2000 17868 8855 95
2000 17430 15691 95
2000 11261 7994 95
2000 18772 10197 95
2000 6787 5948 95
2000 17231 19840 95
2000 3830 18697 95
2000 3449 1700 95
2000 10088 17455 95
2000 2354 17728 95
2000 12122 10200 95
2000 15578 11614 95
2000 10654 13687 95
2000 10888 7111 95
2000 14180 3335 94
2000 1857 6222 94
2000 4785 6957 94
2000 8390 5959 94
2000 2689 8698 94
2000 15025 9405 94
2000 17610 16945 94
2000 15403 3264 94
2000 18193 17487 94
2000 10263 18874 94
2000 3071 13787 94
2000 12711 2845 94
2000 6918 3885 94
2000 5032 19908 94
2000 1747 15162 94
2000 16176 11789 94
2000 7740 7280 94
2000 19251 7781 94
2000 18096 18462 94
2000 3825 18393 94
2000 17786 3946 94
2000 5781 1919 94
2000 16742 11339 94
2000 4821 120 94
2000 14642 2054 94
2000 17870 15349 94
2000 19997 14295 94
2000 15798 19991 94
2000 12637 10589 94
2000 10709 16293 94
2000 11135 205 94
2000 19496 8216 94
2000 1717 8110 94
2000 16987 3171 94
2000 19329 4851 94
2000 8431 13787 94
2000 8250 11654 94
2000 9615 2854 94
2000 16146 7227 94
2000 14793 11522 94
2000 2546 4662 94
2000 15478 9458 94
2000 711 8036 94
2000 8045 6892 94
2000 13283 12743 94
2000 6958 1968 94
2000 18107 1947 94
2000 10741 5356 94
2000 6545 66 94
2000 5011 11519 94
2000 1724 7566 94
2000 10111 7652 94
2000 9580 18146 94
2000 15488 2335 94
2000 15425 14656 94
2000 3931 17434 94
2000 19437 10850 94
2000 6409 17795 94
2000 9057 11846 94
2000 2347 567 94
2000 19985 15720 94
2000 14644 17238 94
2000 3790 2504 94
2000 16650 13492 94
2000 7549 2946 94
2000 14605 3597 94
2000 17304 11329 94
2000 19351 14833 94
2000 8678 10668 94
2000 4920 18461 94
2000 17807 18796 94
2000 14726 8369 94
2000 11220 19756 94
2000 1294 14292 94
2000 8120 8165 94
2000 7815 10753 94
2000 13219 4216 94
2000 4667 8220 94
2000 5831 248 94
2000 6468 3466 94
2000 14853 7362 94
2000 8311 6395 94
2000 7040 6700 94
2000 12861 15182 94
2000 13687 5211 94
2000 16538 8886 94
2000 12523 8816 94
2000 12140 12435 94
2000 1556 2611 93
2000 18490 14275 93
2000 6741 18714 93
2000 1829 9289 93
2000 19785 4364 93
2000 10090 5160 93
2000 12785 11658 93
2000 1121 9884 93
2000 9898 4791 93
2000 2370 16802 93
2000 16064 13731 93
2000 5036 5385 93
2000 7347 15768 93
2000 7046 11833 93
2000 4449 19619 93
2000 14629 15077 93
2000 2889 10436 93
2000 17762 15022 93
2000 1781 8704 93
2000 6826 5282 93
2000 4477 15022 93
2000 3747 14211 93
2000 15925 16401 93
2000 5039 13021 93
2000 13096 11784 93
2000 14500 18402 93
2000 17411 14352 93
2000 2711 9625 93
2000 16470 9189 93
2000 11589 6673 93
2000 4859 15479 93
2000 14098 2546 93
2000 19460 9250 93
2000 6269 10598 93
2000 17038 6032 93
2000 16357 6757 93
2000 5275 17003 93
2000 18500 2073 93
2000 1406 10960 93
2000 2778 4863 93
2000 15613 37 93
2000 7068 12913 93
2000 13926 8409 93
2000 12904 16936 93
2000 2930 2198 93
2000 9432 5538 93
2000 12293 9657 93
2000 4513 13937 93
2000 16665 6282 93
2000 19538 10136 93
2000 7907 15228 93
2000 16164 9683 93
2000 9172 8652 93
2000 4098 13146 93
2000 9368 13886 93
2000 5409 10785 93
2000 6141 695 93
2000 18143 6642 93
2000 12479 1208 93
2000 4047 10447 93
2000 2027 6944 93
2000 1498 18565 93
2000 5887 3314 93
2000 4310 1958 93
2000 17152 4468 93
2000 6820 15989 93
2000 16020 6803 93
2000 14059 12975 93
2000 5700 10803 93
2000 18971 11486 93
2000 6949 3304 93
2000 11378 12271 93
2000 6500 6084 93
2000 260 9644 93
2000 8546 16283 93
2000 1574 18237 93
2000 16249 14145 92
2000 18192 19968 92
2000 12385 9087 92
2000 14846 19259 92
2000 9361 6655 92
2000 18700 11994 92
2000 10768 5696 92
2000 12206 1987 92
2000 11321 8491 92
2000 19473 13126 92
2000 14945 5967 92
2000 15123 2702 92
2000 3884 14678 92
2000 14278 12112 92
2000 13625 8091 92
2000 4945 17113 92
2000 5033 16205 92
2000 9668 18686 92
2000 18790 1521 92
2000 4816 1884 92
2000 1859 17567 92
2000 7537 8320 92
2000 1479 13348 92
2000 12941 12589 92
2000 4792 18833 92
2000 7709 1304 92
2000 1870 11650 92
2000 995 10489 92
2000 19916 16589 92
2000 13012 3259 92
2000 17140 14201 92
2000 17352 5618 92
2000 17462 16600 92
2000 14359 11612 92
2000 3242 10650 92
2000 16870 18375 92
2000 2057 7344 92
2000 1899 2193 92
2000 3415 6304 92
2000 13764 7220 92
2000 12171 18995 92
2000 6979 10123 92
2000 7968 15551 92
2000 4816 11832 92
2000 1264 7705 92
2000 13798 2688 92
2000 10367 8074 92
2000 45 5720 92
2000 15111 16577 92
2000 6001 9113 92
2000 306 11217 92
2000 4420 14687 92
2000 2378 1763 92
2000 12239 14846 92
2000 2139 9597 92
2000 19587 18323 92
2000 2469 8937 92
2000 7380 1917 92
2000 13741 3362 92
2000 15675 3747 92
2000 7558 13814 92
2000 15104 16161 92
2000 9264 13587 92
2000 4 5166 92
2000 5033 6138 92
2000 9532 4275 92
2000 16769 3486 92
2000 4476 15999 92
2000 1386 12583 92
2000 1919 17270 92
2000 17935 944 92
2000 6305 3006 92
2000 4364 6053 92
2000 13989 14926 92
2000 14765 14195 92
2000 5410 5274 92
2000 7039 2311 92
2000 3706 18029 92
2000 18678 15041 92
2000 1754 18721 92
2000 19234 12378 91
2000 6770 1503 91
2000 5100 72 91
2000 2450 13434 91
2000 1145 11755 91
2000 71 14741 91
2000 11631 1194 91
2000 3107 18356 91
2000 8203 18609 91
2000 19597 12827 91
2000 13385 5455 91
2000 958 5022 91
2000 1874 5678 91
2000 13211 11380 91
2000 14935 16872 91
2000 1883 14383 91
2000 15833 1108 91
2000 5280 13282 91
2000 17989 3010 91
2000 16225 18265 91
2000 8855 6699 91
2000 14387 18749 91
2000 3554 5410 91
2000 15616 8247 91
2000 4448 2746 91
2000 19314 13934 91
2000 14537 6635 91
2000 15318 18175 91
2000 13382 8478 91
2000 12201 12032 91
2000 18855 8525 91
2000 58 16823 91
2000 15375 10648 91
2000 8661 18486 91
2000 16333 13401 91
2000 10006 6704 91
2000 16982 16275 91
2000 28 14302 91
2000 893 33 91
2000 17510 3654 91
2000 15964 2982 91
2000 5580 15693 91
2000 19993 1184 91
2000 6387 13176 91
2000 19123 13314 91
2000 9867 18184 91
2000 16530 8569 91
2000 2995 10818 91
2000 16510 11168 91
2000 5387 9442 91
2000 6497 4689 91
2000 5630 17682 91
2000 12336 10991 91
2000 18545 19284 91
2000 2007 18513 91
2000 6052 4281 91
2000 16386 17011 91
2000 16055 9066 91
2000 1279 17341 91
2000 22 15335 91
2000 17455 3327 91
2000 2450 10746 91
2000 1655 17002 91
2000 5413 8675 91
2000 7784 12939 91
2000 16022 666 91
2000 19991 10905 91
2000 2184 9121 91
2000 4703 991 91
2000 17091 14471 91
2000 8694 5854 91
2000 14804 6764 91
2000 17947 19107 91
2000 2833 32 91
2000 6161 1527 91
2000 15263 10955 91
2000 10565 7772 91
2000 1950 10766 91
2000 13931 12665 91
2000 13690 11851 91
2000 14677 8667 91
2000 5391 331 91
2000 18116 19376 91
2000 8995 2707 91
2000 2100 6543 91
2000 433 19924 91
2000 7369 7759 91
2000 17675 6330 91
2000 14147 5669 91
2000 8800 7783 91
2000 2029 16317 91
2000 11065 15055 91
2000 13646 4659 91
2000 10168 11373 91
2000 18391 11385 91
2000 12663 3128 91
2000 18693 9442 89
2000 9256 8105 89
2000 17032 4133 89
2000 19158 19920 89
2000 7818 11117 89
2000 2063 13431 89
2000 11226 16004 89
2000 3354 4335 89
2000 8950 13579 89
2000 9691 16998 89
2000 12569 15949 89
2000 3994 18067 89
2000 11492 16079 89
2000 14188 11013 89
2000 11055 12257 89
2000 18194 18732 89
2000 14681 10677 89
2000 7916 3354 89
2000 15678 18601 89
2000 894 2780 89
2000 2986 4629 89
2000 7923 7812 89
2000 9206 3684 89
2000 15120 312 89
2000 9722 16705 89
2000 10916 14389 89
2000 19043 15110 89
2000 16909 8859 89
2000 3887 13348 89
2000 1961 9842 89
2000 526 10515 89
2000 10578 18149 89
2000 11963 114 89
2000 16213 3686 89
2000 554 35 89
2000 1051 19272 89
2000 9192 10168 89
2000 2452 10166 89
2000 14962 8513 89
2000 3341 4622 89
2000 4186 9247 89
2000 7921 19734 89
2000 6952 7890 89
2000 18680 4664 89
2000 8911 7510 89
2000 16515 63 89
2000 13978 14315 89
2000 10318 1090 89
2000 13608 4944 89
2000 14522 2923 89
2000 11992 1173 89
2000 12067 8681 89
3000 1288 4434 110
3000 1640 733 110
3000 14485 9680 110
3000 3289 19153 110
3000 11878 5163 110
3000 8568 15453 110
3000 18610 17026 110
3000 5587 6545 110
3000 9007 14513 109
3000 6089 13675 109
3000 7740 3875 109
3000 15317 5193 109
3000 16538 15902 109
3000 3857 15165 109
3000 11484 2186 109
3000 9386 15911 109
3000 18943 5567 109
3000 16600 14786 109
3000 9732 14552 109
3000 7967 16516 109
3000 13786 8833 109
3000 12308 14179 109
3000 3177 16786 109
3000 9945 15672 109
3000 11455 10322 109
3000 12448 8256 109
3000 18469 99 109
3000 1357 1909 109
3000 11624 3719 109
3000 8736 15879 109
3000 4165 12051 109
3000 1172 3272 109
3000 1188 345 108
3000 3776 16444 108
3000 18592 15745 108
3000 8209 16968 108
3000 14397 237 108
3000 630 1602 108
3000 15771 15527 108
3000 3961 15716 108
3000 13474 10318 108
3000 6840 14682 108
3000 8892 4000 108
3000 11681 9647 108
3000 3194 15095 108
3000 13097 9479 108
3000 2174 18992 108
3000 10246 10423 108
3000 10614 2888 107
3000 2348 4072 107
3000 18072 16108 107
3000 6889 16444 107
3000 10211 1919 107
3000 11050 1559 107
3000 18140 16539 107
3000 5667 14029 107
3000 1880 19199 107
3000 1967 846 107
3000 11358 2758 107
3000 1018 18805 107
3000 11333 9394 106
3000 12565 4227 106
3000 11285 5056 106
3000 6544 17287 106
3000 14051 9092 106
3000 9936 10087 106
3000 6418 15367 106
3000 7423 4755 106
3000 5814 7768 106
3000 8709 9821 106
3000 13326 9145 106
3000 18239 16950 106
3000 12978 8165 105
3000 6217 7859 105
3000 12239 3736 105
3000 14109 10432 105
3000 6152 6432 105
3000 19119 15838 105
3000 1930 1274 105
3000 10962 9216 105
3000 14347 9370 103
3000 688 19065 103
3000 6583 7688 103
3000 19274 6740 103
3000 884 18062 103
3000 13230 13405 103
3000 3250 11270 103
3000 10996 4036 103
3000 10963 5020 103
3000 2315 15865 103
3000 10035 2230 103
3000 8179 17696 103
3000 12885 10212 102
3000 792 712 102
3000 13217 7933 102
3000 5668 15221 102
3000 17045 15226 102
3000 8529 15020 102
3000 16962 15806 102
3000 11775 10149 102
3000 19922 5532 100
3000 2601 16381 100
3000 15740 15156 100
3000 9926 9763 100
3000 3553 12887 100
3000 8584 10126 100
3000 12075 8118 100
3000 11971 7030 100
3000 19729 5271 100
3000 18232 15621 100
3000 10698 1515 100
3000 5290 7096 100
3000 2618 11849 98
3000 12890 14608 98
3000 3348 19715 98
3000 1623 1614 98
3000 898 3951 98
3000 3024 18868 98
3000 685 17684 98
3000 190 19042 98
3000 6507 6653 97
3000 9004 4608 97
3000 9851 14920 97
3000 9915 13378 97
3000 1045 18425 97
3000 8797 9096 97
3000 8995 9541 97
3000 3640 19372 97
3000 12479 4720 97
3000 14587 10121 97
3000 2645 19006 97
3000 16222 14748 97
3000 33 17800 97
3000 12173 6796 97
3000 5347 7633 97
3000 1922 3152 97
3000 19447 4131 97
3000 18878 6187 97
3000 3967 16069 97
3000 2521 12355 97
3000 19531 16136 96
3000 10967 4611 96
3000 7824 16233 96
3000 4174 12431 96
3000 9331 1307 96
3000 10445 10679 96
3000 3821 11602 96
3000 10044 2838 96
3000 1581 3016 95
3000 7664 17922 95
3000 19621 6664 95
3000 19265 16890 95
3000 2872 12845 94
3000 9938 639 94
3000 13011 6830 94
3000 7341 16320 94
3000 6645 16930 94
3000 2579 15228 94
3000 355 17702 94
3000 779 1096 94
3000 7912 5311 93
3000 2041 4535 93
3000 16084 15918 93
3000 11892 7384 93
3000 12866 9749 92
3000 3835 12705 92
3000 5556 14780 92
3000 5366 14305 92
3000 12278 5050 92
3000 6621 6959 92
3000 11972 7792 92
3000 7777 8721 92
3000 8507 1086 92
3000 13675 10564 92
3000 19725 3901 92
3000 9801 182 92
3000 7455 4379 91
3000 7880 10258 91
3000 6108 15307 91
3000 19545 16446 91
3000 6710 13887 91
3000 13385 7483 91
3000 12537 6722 91
3000 6852 15136 91
3000 8219 307 91
3000 13269 7182 91
3000 2068 19569 91
3000 10944 10759 91
3000 19959 2820 91
3000 8861 4308 91
3000 2382 3762 91
3000 869 4293 91
3000 15738 15839 89
3000 7610 5264 89
3000 18913 3915 89
3000 19052 2601 89
3000 13097 10430 89
3000 10210 9509 89
3000 9301 14374 89
3000 18921 16925 89
