2 1000 2000
1000 10514 1073 1085
1000 2680 17634 1085
1000 14443 13122 1085
1000 13390 5805 1085
1000 2104 9871 1078
1000 16929 8902 1078
1000 17250 4064 1078
1000 18451 17819 1078
1000 3275 906 1049
1000 9070 11283 1049
1000 6415 4968 1049
1000 1624 6991 1049
1000 11269 13990 1047
1000 11404 4085 1047
1000 16152 19573 1047
1000 16881 11767 1047
1000 574 12425 1041
1000 15466 2067 1041
1000 5373 7474 1041
1000 3214 14580 1041
1000 5792 10037 1038
1000 309 15739 1038
1000 19817 9068 1038
1000 632 816 1038
1000 5639 15326 1021
1000 9347 5859 1021
1000 7384 338 1021
1000 10290 8715 1021
1000 10964 16904 1020
1000 15804 15803 1020
1000 8897 19142 1020
1000 3443 4402 1020
1000 4292 12209 1012
1000 18880 14195 1012
1000 19535 2632 1012
1000 7765 2816 1012
1000 5267 19354 1010
1000 12174 10796 1010
1000 18770 6531 1010
1000 13502 19326 1010
2000 13611 14327 397
2000 8104 6488 397
2000 7658 19734 397
2000 94 2124 397
2000 2497 11295 396
2000 8919 9842 396
2000 99 17168 396
2000 5715 16741 396
2000 14573 18419 392
2000 11042 9828 392
2000 10184 15756 392
2000 4120 8182 392
2000 6888 1660 388
2000 12854 18086 388
2000 8974 3495 388
2000 10134 4582 388
2000 11200 2694 386
2000 17401 7524 386
2000 5372 5891 386
2000 15264 14310 386
2000 885 11092 362
2000 17948 7594 362
2000 2284 8233 362
2000 3955 2142 362
2000 9892 10017 361
2000 18125 5324 361
2000 18251 9415 361
2000 15868 13084 361
2000 17262 13118 359
2000 7645 18579 359
2000 17268 10237 359
2000 18678 15550 359
2000 5505 11595 359
2000 16973 10409 359
2000 5519 6090 359
2000 12287 19960 359
2000 14489 18391 352
2000 18349 8875 352
2000 368 7602 352
2000 7551 19408 352
2000 19799 7735 348
2000 7586 4109 348
2000 18759 8203 348
2000 18832 5184 348
2000 17532 18836 340
2000 18307 9018 340
2000 18318 8656 340
2000 10519 5229 340
2000 18674 9812 330
2000 10199 4672 330
2000 873 8143 330
2000 8033 1506 330
2000 18462 9207 329
2000 18201 5095 329
2000 16713 10421 329
2000 14719 19815 329
2000 19136 7940 322
2000 1414 17037 322
2000 1987 1342 322
2000 2041 8487 322
2000 4838 11032 311
2000 18232 2760 311
2000 491 14404 311
2000 5210 11262 311
2000 14898 19984 308
2000 1777 8337 308
2000 18482 9222 308
2000 2075 8260 308
2000 18294 2963 304
2000 99 11170 304
2000 16164 3197 304
2000 1586 13308 304
2000 18462 3491 303
2000 4681 14446 303
2000 14804 19268 303
2000 16538 2805 303
2000 1905 1113 303
2000 10326 4846 303
2000 17473 19845 303
2000 5163 8783 303
2000 1998 648 302
2000 16125 3276 302
2000 1793 1407 302
2000 1797 1407 302
2000 19401 7803 302
2000 19400 7802 302
2000 19001 7804 302
2000 18992 7793 302
2000 18391 3400 300
2000 1802 206 300
2000 2003 1198 300
2000 18396 3206 300
2000 14794 19408 299
2000 14804 19192 299
2000 1998 593 299
2000 1799 207 299
2000 7204 1592 294
2000 7193 1609 294
2000 14797 19406 294
2000 18401 3404 294
2000 16197 3203 292
2000 16193 3197 292
2000 5201 11194 292
2000 8199 1603 292
2000 8198 1593 292
2000 18399 2007 292
2000 18395 2008 292
2000 18409 2004 292
2000 1594 16798 292
2000 1595 16806 292
2000 1592 8593 292
2000 1599 8599 292
2000 12199 5202 291
2000 12198 5203 291
2000 18196 8399 291
2000 18195 8400 291
2000 1395 11399 286
2000 1399 11407 286
2000 1798 11207 286
2000 1792 11190 286
2000 8593 808 284
2000 6998 1795 284
2000 6990 1807 284
2000 8596 799 284
2000 1204 2002 280
2000 2007 808 280
2000 2007 790 280
2000 2009 994 280
2000 2001 992 280
2000 2002 791 280
2000 2008 1001 280
2000 16403 2990 280
2000 17800 18990 279
2000 17807 19002 279
2000 17797 19000 279
2000 17192 18803 279
2000 17191 18798 279
2000 17204 18798 279
2000 17191 18792 279
2000 16392 3005 279
2000 3790 13404 276
2000 3796 13400 276
2000 3799 13393 276
2000 1395 17205 276
2000 1391 17192 274
2000 1399 17195 274
2000 18996 3790 274
2000 18996 3798 274
2000 19000 3803 274
2000 4606 14607 274
2000 4596 14601 274
2000 4607 14591 274
2000 5392 8803 270
2000 5396 8801 270
2000 5403 8806 270
2000 19602 7801 270
2000 18804 7795 265
2000 18790 7796 265
2000 18800 7798 265
2000 16995 18593 265
2000 16995 18595 264
2000 17004 18604 264
2000 1007 11208 264
2000 993 11193 264
2000 7394 3990 263
2000 7390 3990 263
2000 7395 3995 263
2000 9207 798 263
2000 8009 1608 263
2000 7995 1600 263
2000 8008 1605 263
2000 1005 11191 263
2000 9205 799 262
2000 1598 15595 262
2000 9194 803 262
2000 1605 15596 262
2000 1603 15599 262
2000 597 16996 262
2000 599 17006 262
2000 2206 199 262
2000 2202 209 260
2000 18206 5008 260
2000 18194 4999 260
2000 19402 7591 260
2000 1209 14804 259
2000 1208 14808 259
2000 1201 14809 259
2000 18801 1591 259
2000 19390 7607 256
2000 1595 15801 256
2000 1609 15805 256
2000 807 9596 256
2000 800 9605 256
2000 791 7991 256
2000 807 8009 256
2000 6790 2008 256
2000 7401 1590 254
2000 7408 1602 254
2000 5596 8796 254
2000 7395 1590 254
2000 19206 10190 252
2000 19203 10191 252
2000 5590 8795 252
2000 6207 806 252
2000 1406 17997 251
2000 1407 18007 251
2000 7805 1598 251
2000 7597 1594 251
2000 1398 17994 250
2000 7797 1593 250
2000 7597 1590 250
2000 7790 1594 250
2000 7602 1598 249
2000 1008 10608 249
2000 1001 10596 249
2000 1008 10609 249
2000 17209 17403 245
2000 17399 18597 245
2000 17399 18606 245
2000 17198 17408 245
2000 193 11205 241
2000 2199 1603 241
2000 2195 1608 241
2000 1397 16408 241
2000 1397 16403 240
2000 2593 1990 240
2000 2609 1994 240
2000 2601 1994 240
2000 9206 1196 237
2000 9203 1207 237
2000 19591 5602 237
2000 19591 5607 237
2000 17994 3007 234
2000 18007 3005 234
2000 1208 8199 234
2000 1190 8201 234
2000 208 16992 231
2000 18193 3202 231
2000 18207 3200 231
2000 18200 9206 231
2000 18997 18990 225
2000 19009 18998 225
2000 8609 596 225
2000 8593 599 225
2000 18601 9396 225
2000 18594 9409 225
2000 18605 3395 225
2000 18599 3396 225
2000 19806 7208 223
2000 1198 10799 223
2000 2002 8195 223
2000 13996 18200 223
2000 19602 1404 221
2000 19592 1405 221
2000 4007 13396 221
2000 3992 13402 221
2000 18603 12997 217
2000 18597 12998 217
2000 996 9191 217
2000 16993 2793 217
2000 1003 9208 216
2000 16600 2598 216
2000 3599 13403 216
2000 3600 13392 216
2000 12393 18791 212
2000 12398 18807 212
2000 14608 18797 212
2000 14594 18801 212
2000 6395 19797 206
2000 1791 12203 206
2000 1799 12193 206
2000 17801 5795 206
2000 796 14606 204
2000 2196 8590 204
2000 2207 8597 204
2000 11804 17808 204
2000 19197 5406 201
2000 18007 5609 201
2000 18007 5603 201
2000 406 11208 201
2000 1806 12608 198
2000 1807 12595 198
2000 2992 15803 198
2000 3004 15803 198
2000 2008 14794 198
2000 1998 14793 198
2000 15991 14603 198
2000 16006 14603 198
2000 19197 16804 189
2000 201 13593 189
2000 1993 14393 189
2000 6207 18592 189
2000 18807 13009 188
2000 16592 1599 188
2000 18804 13002 188
2000 17805 5209 188
2000 18403 5402 187
2000 17794 5202 187
2000 4390 14802 187
2000 4397 14800 187
2000 9798 17197 182
2000 4196 13402 182
2000 12608 3801 182
2000 12192 4999 182
2000 1803 8203 179
2000 10208 10792 179
2000 10203 10804 179
2000 16002 4198 179
2000 6401 18998 179
2000 5193 4805 179
2000 5198 4800 179
2000 10795 9802 179
2000 15799 16999 178
2000 4594 9805 178
2000 2009 14599 178
2000 4607 9802 178
2000 2805 3398 173
2000 409 7001 173
2000 2992 8996 173
2000 4390 8197 173
2000 390 2007 167
2000 3801 1996 167
2000 18199 16601 167
2000 17608 6395 167
2000 17598 10798 160
2000 3008 13407 160
2000 8594 17995 160
2000 11401 17992 160
2000 809 13596 157
2000 13204 18192 157
2000 10191 17790 157
2000 10206 17794 157
2000 18603 16594 151
2000 17792 11004 151
2000 9808 18395 151
2000 14194 18393 151
2000 6396 19598 150
2000 12602 18591 150
2000 10608 3195 150
2000 9798 16808 150
2000 15205 14802 150
2000 10599 3202 150
2000 9802 16999 150
2000 395 13595 150
2000 19795 5991 147
2000 5197 18192 147
2000 16405 14809 147
2000 16390 14794 147
2000 1595 12994 136
2000 10000 18805 136
2000 10608 18002 136
2000 16209 10794 136
2000 17797 16790 135
2000 13190 4593 135
2000 13190 4594 135
2000 7594 4996 135
2000 11803 5191 135
2000 11209 11398 135
2000 8208 5990 135
2000 8190 6009 135
2000 6399 19194 134
2000 3799 15605 134
2000 6800 2200 134
2000 17806 16791 134
2000 7792 18797 131
2000 18005 11404 131
2000 19600 18203 131
2000 11397 8403 131
2000 11999 17403 128
2000 2198 14004 128
2000 8794 18008 128
2000 9009 17996 128
2000 12390 19590 126
2000 2803 6994 126
2000 3999 3391 126
2000 7208 3802 126
2000 13398 18205 122
2000 999 6007 122
2000 4209 15191 122
2000 4194 15197 122
2000 15193 3198 122
2000 16005 11002 122
2000 14590 19601 122
2000 6401 19404 122
2000 13609 18203 120
2000 13593 18195 120
2000 7391 5592 120
2000 7405 5597 120
2000 19604 10194 114
2000 4196 18991 114
2000 3191 9409 114
2000 3204 9406 114
2000 17592 16994 103
2000 17593 16994 103
2000 15595 13403 103
2000 16590 2194 103
2000 2609 7607 100
2000 2593 7599 100
2000 12395 19204 100
2000 9598 9608 100
