1 1000
1000 6716 6611 961
1000 8659 690 961
1000 16230 17900 961
1000 11798 14440 961
1000 1261 16682 951
1000 2069 2010 951
1000 7599 19098 951
1000 2126 9387 951
1000 7596 14808 925
1000 17565 8891 925
1000 16633 3422 925
1000 11586 4933 925
1000 5397 13936 853
1000 18746 12796 853
1000 9919 12342 853
1000 8789 17490 853
1000 4255 4381 847
1000 312 6022 847
1000 14888 5177 847
1000 10391 9217 847
1000 6156 12376 815
1000 3898 222 815
1000 10094 18747 815
1000 991 14149 815
1000 1588 11065 787
1000 11780 6837 787
1000 374 8510 787
1000 6867 17372 787
1000 3486 11584 774
1000 19675 3754 774
1000 11503 10446 774
1000 9338 15290 774
1000 5092 16559 763
1000 9964 2671 763
1000 4319 18269 763
1000 17547 14601 763
1000 14905 2649 731
1000 18345 5059 731
1000 12379 12472 731
1000 16298 6300 731
1000 8895 4160 718
1000 5502 19659 718
1000 13689 3543 718
1000 4778 10340 718
1000 1796 3937 674
1000 4310 6192 674
1000 16312 15474 674
1000 11084 17329 674
1000 1953 5716 574
1000 1317 7098 574
1000 2774 7792 574
1000 10840 1592 574
1000 11703 3041 533
1000 15492 14394 533
1000 10652 377 533
1000 18261 15848 533
1000 11363 16067 495
1000 8002 2931 495
1000 10136 5076 495
1000 275 12891 495
1000 7795 11774 493
1000 14078 14460 493
1000 3629 13027 493
1000 18325 2875 493
1000 7653 10466 482
1000 3529 2948 482
1000 8765 19955 482
1000 15383 1402 482
1000 321 10638 472
1000 9100 10112 472
1000 2118 13007 472
1000 6783 9576 472
1000 15212 15949 463
1000 19244 14914 463
1000 4973 11858 463
1000 567 11841 463
1000 19229 16513 440
1000 17378 16569 440
1000 11991 18042 440
1000 12514 9135 440
1000 3440 8858 431
1000 2904 14069 431
1000 17120 13192 431
1000 5657 4537 431
1000 15180 13405 402
1000 2279 15109 402
1000 6741 15973 402
1000 9225 13653 402
1000 7746 13249 392
1000 18404 17146 392
1000 18671 17908 392
1000 13195 7590 392
1000 4046 14294 379
1000 14125 7319 379
1000 14741 6854 379
1000 4138 7448 379
1000 5160 7916 367
1000 17693 6479 367
1000 12967 17315 367
1000 17896 7555 367
1000 13635 17974 341
1000 17619 11677 341
1000 7421 4385 341
1000 1145 5171 341
1000 7738 9054 333
1000 12843 2842 333
1000 4882 3124 333
1000 3858 9736 333
1000 5643 2845 328
1000 17791 10806 328
1000 12428 16234 328
1000 8825 2333 328
1000 16006 13372 304
1000 13745 16895 304
1000 5411 17577 304
1000 5937 3687 304
1000 6498 3228 299
1000 3646 2037 299
1000 14565 8298 299
1000 13086 8461 299
1000 10450 15909 298
1000 16237 7438 298
1000 15542 12540 298
1000 6309 18659 298
1000 2748 4297 289
1000 6339 8207 289
1000 11518 8630 289
1000 3710 8150 289
1000 16543 14286 280
1000 15011 16746 280
1000 9968 6059 280
1000 2936 797 280
1000 5992 10293 268
1000 19485 15745 268
1000 12102 7932 268
1000 9257 8672 268
1000 2433 12292 268
1000 15207 8464 268
1000 3353 15363 268
1000 17256 1990 268
1000 10339 16460 267
1000 19975 13283 267
1000 18695 6833 267
1000 4538 1601 267
1000 1146 12379 244
1000 14851 17810 244
1000 4296 15645 244
1000 7322 2641 244
1000 14092 17611 237
1000 6161 2567 237
1000 4843 2096 237
1000 6120 8843 237
1000 3098 5955 232
1000 10619 8040 232
1000 3812 15147 232
1000 10633 14728 232
1000 8983 11329 228
1000 18316 13970 228
1000 4615 8581 228
1000 8582 9304 228
1000 16482 1294 225
1000 17792 13385 225
1000 13550 6646 225
1000 4297 12464 225
1000 12405 2340 214
1000 9365 8135 214
1000 9296 6441 214
1000 5282 7098 214
1000 17730 4025 208
1000 13961 15286 208
1000 11006 12638 208
1000 3287 6627 208
1000 15054 12680 201
1000 12781 10837 201
1000 10971 15371 201
1000 7796 3680 201
1000 14775 4039 184
1000 13744 6069 184
1000 4444 12859 184
1000 5175 1464 184
1000 18686 6362 179
1000 16735 13777 179
1000 6097 1906 179
1000 12197 16987 179
1000 15460 6923 177
1000 17281 2454 177
1000 15490 11872 177
1000 2073 6833 177
1000 2789 15828 165
1000 9753 10839 165
1000 14991 7707 165
1000 7626 2157 165
1000 16825 7645 159
1000 7535 16212 159
1000 18677 15234 159
1000 12958 6183 159
1000 12840 5451 151
1000 13437 13112 151
1000 14955 15059 151
1000 7038 3115 151
1000 14535 6115 147
1000 13622 17341 147
1000 12790 15182 147
1000 3436 10341 147
1000 2889 6585 145
1000 5254 5957 145
1000 19817 17003 145
1000 14305 13457 145
1000 18053 3747 138
1000 2672 3096 138
1000 17522 17354 138
1000 4521 7887 138
1000 11741 1099 134
1000 15820 2020 134
1000 12994 15843 134
1000 17548 18002 134
1000 15985 12140 132
1000 5597 8950 132
1000 96 9522 132
1000 3807 19475 132
1000 17174 4806 130
1000 12448 5684 130
1000 18859 8594 130
1000 3333 10023 130
1000 10384 6716 125
1000 6782 19913 125
1000 12935 18515 125
1000 8676 12921 125
1000 13312 5725 122
1000 14601 12500 122
1000 1023 12787 122
1000 11578 7948 122
1000 5678 7358 119
1000 12382 18754 119
1000 18825 4316 119
1000 15769 7191 119
1000 4364 2889 117
1000 13360 10824 117
1000 3901 5373 117
1000 10573 11443 117
1000 5403 950 105
1000 3185 5360 105
1000 9430 19848 105
1000 12690 17779 105
1000 17126 1450 105
1000 7232 11193 105
1000 12873 2112 105
1000 11437 13361 105
1000 14992 17246 102
1000 15846 8488 102
1000 6430 15172 102
1000 11976 8614 102
1000 9082 1854 100
1000 9873 393 100
1000 12984 14463 100
1000 13369 14174 100
1000 2672 6421 94
1000 6502 19177 94
1000 3370 14420 94
1000 978 10239 94
1000 13375 16153 92
1000 7750 1495 92
1000 4272 13329 92
1000 5296 18552 92
1000 6270 15622 89
1000 7263 13720 89
1000 17791 18323 89
1000 10883 6550 89
1000 11278 8154 87
1000 16972 5042 87
1000 9928 13811 87
1000 6446 4118 87
1000 1294 5771 84
1000 14569 18508 84
1000 15379 8843 84
1000 9123 16280 84
1000 10402 5655 83
1000 1952 13794 83
1000 16762 12359 83
1000 5128 18765 83
1000 9484 5006 81
1000 843 2646 81
1000 17549 5367 81
1000 16141 8670 81
1000 16938 2186 79
1000 10324 6005 79
1000 1090 13203 79
1000 12520 7313 79
1000 15149 11604 75
1000 5247 11233 75
1000 13891 4626 75
1000 9945 11382 75
1000 14778 14144 72
1000 9380 10756 72
1000 8028 2072 72
1000 7900 2297 72
1000 17070 12292 69
1000 2933 15630 69
1000 8433 13456 69
1000 9937 3675 69
1000 3643 1188 67
1000 2768 3930 67
1000 13809 18778 67
1000 16322 13632 67
1000 19079 17220 63
1000 1076 9251 63
1000 10360 3533 63
1000 13064 17943 63
1000 14966 18492 62
1000 15111 9033 62
1000 17731 6927 62
1000 13177 16187 62
1000 12427 10169 58
1000 14409 18210 58
1000 17946 16959 58
1000 19977 4799 58
1000 15957 1675 58
1000 17976 7064 58
1000 16345 12415 58
1000 14998 8929 58
1000 14874 12885 55
1000 15452 13002 55
1000 6610 4446 55
1000 16120 12276 55
1000 12299 17419 52
1000 14337 12695 52
1000 4527 2455 52
1000 3434 9441 52
1000 18050 13870 48
1000 5150 18291 48
1000 16656 1946 48
1000 9466 4811 48
1000 15093 18753 44
1000 1365 12852 44
1000 10316 10893 44
1000 13093 13019 44
1000 13512 5993 43
1000 10059 16897 43
1000 12762 1738 43
1000 1476 12120 43
1000 14593 16728 36
1000 8938 5960 36
1000 5313 18424 36
1000 2724 4849 36
1000 13926 6380 36
1000 12623 4420 36
1000 11005 3092 36
1000 9211 18509 36
1000 16633 939 35
1000 12159 8559 35
1000 4117 1949 35
1000 15856 4564 35
1000 7029 11878 34
1000 3480 1267 34
1000 17236 18417 34
1000 13661 18731 34
1000 17571 2085 27
1000 5332 18667 27
1000 17219 6193 27
1000 10294 4167 27
1000 10309 5790 21
1000 5366 8847 21
1000 2558 11942 21
1000 15058 9459 21
1000 5697 18642 19
1000 16431 8778 19
1000 6750 11412 19
1000 15050 17052 19
1000 12679 15771 19
1000 7141 13138 19
1000 8641 3227 19
1000 7234 3010 19
1000 14785 13618 18
1000 1234 4772 18
1000 5595 5894 18
1000 8876 16165 18
1000 14125 18440 16
1000 9005 18769 16
1000 17019 1050 16
1000 15449 11199 16
1000 5324 15131 11
1000 3735 14874 11
1000 18878 6042 11
1000 1690 5171 11
1000 16116 2234 10
1000 3422 13858 10
1000 6387 11232 10
1000 6279 11154 10
1000 1432 3165 8
1000 18962 6122 8
1000 12865 18008 8
1000 19384 13702 8
1000 17684 2502 4
1000 3650 15565 4
1000 18791 11675 4
1000 9795 4485 4
1000 16322 13953 2
1000 3493 14998 2
1000 9062 2983 2
1000 3682 9244 2
