1 1000
1000 5211 990 961
1000 1659 4392 961
1000 8849 11924 961
1000 16399 1628 961
1000 17913 11245 951
1000 15869 15608 951
1000 1902 17110 951
1000 15590 8569 951
1000 10196 17378 925
1000 11246 1905 925
1000 8232 9855 925
1000 12521 7821 925
1000 6506 16637 853
1000 13796 13145 853
1000 4393 16608 853
1000 2322 13145 853
1000 5162 9636 847
1000 18108 17425 847
1000 6968 12121 847
1000 6273 3589 847
1000 4495 4875 815
1000 9369 15747 815
1000 3774 11988 815
1000 1207 8537 815
1000 14790 19485 787
1000 6074 8253 787
1000 15934 18261 787
1000 16656 13672 787
1000 5944 5885 774
1000 19896 929 774
1000 8069 7736 774
1000 9818 7966 774
1000 10925 19437 763
1000 9758 330 763
1000 7743 14643 763
1000 3878 14286 763
1000 4314 7899 731
1000 2311 7318 731
1000 5186 19157 731
1000 17473 19127 731
1000 6110 13996 718
1000 18942 2451 718
1000 13805 15936 718
1000 15177 10477 718
1000 13196 9573 674
1000 18221 13611 674
1000 3657 6531 674
1000 1929 10103 674
1000 14087 7693 574
1000 8785 18654 574
1000 12469 14194 574
1000 4818 12934 574
1000 19685 13105 533
1000 14404 6586 533
1000 15210 11786 533
1000 15198 13601 533
1000 14081 17996 495
1000 4218 18041 495
1000 17524 9726 495
1000 7194 5419 495
1000 3733 19961 493
1000 839 6709 493
1000 6669 18377 493
1000 17350 15827 493
1000 8989 19807 482
1000 18670 551 482
1000 3146 9304 482
1000 18027 14847 482
1000 2543 19553 472
1000 11560 15097 472
1000 6195 10894 472
1000 17848 3240 472
1000 2891 5437 463
1000 2988 18148 463
1000 19574 14227 463
1000 10342 6628 463
1000 6808 9413 440
1000 2168 15411 440
1000 248 5169 440
1000 1332 11896 440
1000 18736 9206 431
1000 8040 17646 431
1000 851 13523 431
1000 5829 17783 431
1000 4477 3246 402
1000 469 3388 402
1000 9945 14212 402
1000 2936 8372 402
1000 9908 5720 392
1000 3071 3301 392
1000 4778 6398 392
1000 10152 13436 392
1000 16128 12371 379
1000 18988 16415 379
1000 11477 13976 379
1000 17095 7943 379
1000 3426 10810 367
1000 10255 4861 367
1000 17798 710 367
1000 8812 13379 367
1000 14070 10999 341
1000 10287 12320 341
1000 2089 2802 341
1000 6405 19203 341
1000 6549 7214 333
1000 3386 2601 333
1000 13756 11886 333
1000 17777 8418 333
1000 7671 10996 328
1000 14945 14597 328
1000 18992 8045 328
1000 8858 6700 328
1000 3841 1562 304
1000 1345 18659 304
1000 7218 18969 304
1000 1818 1802 304
1000 1483 5898 299
1000 18362 12544 299
1000 13988 10208 299
1000 7312 6261 299
1000 1295 11159 298
1000 19208 9992 298
1000 18522 19518 298
1000 16283 17116 298
1000 17870 1399 289
1000 8948 5884 289
1000 3286 16136 289
1000 5897 19918 289
1000 14943 16566 280
1000 11169 4846 280
1000 13533 6004 280
1000 9735 19498 280
1000 332 11130 268
1000 3328 4224 268
1000 3131 1528 268
1000 8127 19725 268
1000 5397 10808 268
1000 15431 6286 268
1000 817 10027 268
1000 16394 10314 268
1000 14588 15324 267
1000 16576 7526 267
1000 4796 10938 267
1000 8006 13473 267
1000 18438 7741 244
1000 7288 4608 244
1000 17073 7167 244
1000 19317 8609 244
1000 238 12951 237
1000 2534 16040 237
1000 13012 17719 237
1000 8379 6256 237
1000 613 18780 232
1000 2327 1382 232
1000 7954 5449 232
1000 11363 8737 232
1000 15029 5596 228
1000 1509 1296 228
1000 19402 9146 228
1000 17685 0 228
1000 18211 7301 225
1000 5074 2857 225
1000 3694 18762 225
1000 12584 16933 225
1000 16928 260 214
1000 7226 8445 214
1000 734 10713 214
1000 1026 809 214
1000 4248 2087 208
1000 5185 15765 208
1000 2405 14801 208
1000 5590 6842 208
1000 9160 13929 201
1000 12269 18154 201
1000 6969 2381 201
1000 16666 14685 201
1000 11512 4143 184
1000 7087 10508 184
1000 16799 17412 184
1000 18085 6796 184
1000 16646 9596 179
1000 17915 6082 179
1000 744 17456 179
1000 19743 15037 179
1000 267 10011 177
1000 10481 18475 177
1000 5722 4676 177
1000 12997 16869 177
1000 2021 19121 165
1000 5331 7474 165
1000 11301 5657 165
1000 12521 17576 165
1000 15707 16824 159
1000 3517 909 159
1000 13174 6370 159
1000 10486 15109 159
1000 16900 12691 151
1000 19727 16470 151
1000 7298 17984 151
1000 2936 4059 151
1000 10038 19958 147
1000 19782 11991 147
1000 13200 10443 147
1000 11854 8739 147
1000 19901 15741 145
1000 3198 17134 145
1000 16487 6750 145
1000 11061 5455 145
1000 10724 14124 138
1000 14871 9424 138
1000 3178 16550 138
1000 4075 424 138
1000 945 2896 134
1000 13819 5502 134
1000 7509 19953 134
1000 9997 15002 134
1000 396 6098 132
1000 12551 16226 132
1000 10855 16112 132
1000 9236 1281 132
1000 7061 19694 130
1000 7607 16493 130
1000 13666 17423 130
1000 466 12059 130
1000 1073 14172 125
1000 3881 4006 125
1000 10991 12632 125
1000 19564 7377 125
1000 14657 5005 122
1000 2252 9013 122
1000 10466 14342 122
1000 11714 5712 122
1000 7806 11615 119
1000 14513 5362 119
1000 17420 12233 119
1000 16127 9591 119
1000 18275 6234 117
1000 15377 17015 117
1000 12524 18465 117
1000 8651 5232 117
1000 9353 6256 105
1000 19184 19144 105
1000 6694 13247 105
1000 64 10239 105
1000 1451 19186 105
1000 1335 15121 105
1000 8512 5021 105
1000 17936 2367 105
1000 17311 2786 102
1000 19685 11517 102
1000 19820 11211 102
1000 13729 18511 102
1000 9573 12964 100
1000 16820 6867 100
1000 15850 5997 100
1000 19227 11356 100
1000 11975 16650 94
1000 7421 3270 94
1000 2775 14742 94
1000 19612 6892 94
1000 11541 13430 92
1000 13499 19514 92
1000 16991 18379 92
1000 6117 2485 92
1000 3708 8560 89
1000 534 7565 89
1000 5561 18332 89
1000 2654 14132 89
1000 8981 1780 87
1000 18236 18742 87
1000 9573 14650 87
1000 11212 12341 87
1000 7380 19670 84
1000 17641 7029 84
1000 16866 8742 84
1000 19604 6353 84
1000 6431 15388 83
1000 12110 3985 83
1000 18915 12666 83
1000 16189 19279 83
1000 3867 999 81
1000 19447 3520 81
1000 16874 2884 81
1000 7684 3569 81
1000 17595 8966 79
1000 11860 18607 79
1000 18008 8870 79
1000 13447 17795 79
1000 3955 3240 75
1000 4346 2428 75
1000 5531 11536 75
1000 18198 16208 75
1000 3802 2056 72
1000 5362 13658 72
1000 19879 11479 72
1000 14187 12059 72
1000 3615 18130 69
1000 13334 19746 69
1000 13916 11457 69
1000 4975 3263 69
1000 3824 4200 67
1000 12736 18732 67
1000 17114 2395 67
1000 8646 10826 67
1000 1093 12428 63
1000 5554 4285 63
1000 16404 14698 63
1000 18480 0 63
1000 8715 14286 62
1000 10237 1141 62
1000 1274 15701 62
1000 13531 17148 62
1000 15669 7288 58
1000 2223 12105 58
1000 13219 18603 58
1000 16575 11098 58
1000 15663 5830 58
1000 14788 7691 58
1000 15181 6612 58
1000 3615 7450 58
1000 13029 16071 55
1000 17325 5901 55
1000 12051 18385 55
1000 15313 5775 55
1000 10665 8435 52
1000 8029 6733 52
1000 9943 18768 52
1000 6083 9528 52
1000 19068 17023 48
1000 3767 10348 48
1000 7421 15788 48
1000 11909 17797 48
1000 14878 15801 44
1000 17566 6253 44
1000 11760 19153 44
1000 10314 1045 44
1000 866 1235 43
1000 1623 19351 43
1000 5305 12271 43
1000 1700 647 43
1000 13181 11458 36
1000 19266 15828 36
1000 5667 12224 36
1000 7695 5661 36
1000 1691 18383 36
1000 16175 6068 36
1000 3912 19240 36
1000 15894 5729 36
1000 18223 8695 35
1000 3085 6090 35
1000 19226 11973 35
1000 5840 5020 35
1000 4020 10742 34
1000 19411 11073 34
1000 9092 792 34
1000 4961 7170 34
1000 6144 12830 27
1000 15401 14424 27
1000 9575 9621 27
1000 3125 11151 27
1000 12183 3507 21
1000 8275 15557 21
1000 12845 16395 21
1000 1188 9473 21
1000 19550 11622 19
1000 11278 6041 19
1000 16421 10916 19
1000 19730 8442 19
1000 10802 14557 19
1000 3916 10108 19
1000 5618 11812 19
1000 3219 1835 19
1000 15365 7498 18
1000 14132 15176 18
1000 8387 4706 18
1000 7312 13267 18
1000 3554 17992 16
1000 2995 928 16
1000 7532 12859 16
1000 14392 9229 16
1000 884 17736 11
1000 968 15567 11
1000 4063 8963 11
1000 3208 15156 11
1000 8036 18829 10
1000 11273 6239 10
1000 16191 16595 10
1000 17846 12282 10
1000 15791 16678 8
1000 18883 7689 8
1000 9490 5009 8
1000 1601 11248 8
1000 10820 4328 4
1000 13398 18133 4
1000 19030 19400 4
1000 17403 7322 4
1000 17600 16559 2
1000 19487 10968 2
1000 17557 6650 2
1000 19773 10985 2
